14 0 127 62
15 0 127 59
16 0 127 61
17 0 127 61
18 0 127 60
19 0 127 61
20 0 127 60
21 0 127 60
22 0 127 64
23 0 127 64
24 0 127 65
25 0 127 64
26 0 127 60
27 0 127 60
28 0 127 67
29 0 127 63
30 0 127 64
31 0 127 65
32 0 127 60
33 0 127 64
34 0 127 64
35 0 127 64
36 0 127 64
37 0 127 65
38 0 127 64
39 0 127 65
40 0 127 64
41 0 127 64
42 0 127 65
43 0 127 63
44 0 127 63
45 0 127 68
46 0 127 61
47 0 127 60
48 0 127 64
49 0 127 64
50 0 127 64
51 0 127 64
52 0 127 64
53 0 127 64
54 0 127 64
55 0 127 64
56 0 127 64
57 0 127 65
58 0 127 65
59 0 127 64
60 0 127 68
61 0 127 68
62 0 127 64
63 0 127 64
64 0 127 60
65 0 127 60
66 0 127 65
67 0 127 64
68 0 127 64
69 0 127 64
70 0 127 64
71 0 127 64
72 0 127 64
73 0 127 64
74 0 127 63
75 0 127 61
76 0 127 61
77 0 127 65
78 0 127 69
79 0 127 64
80 0 127 64
81 0 127 64
82 0 127 66
83 0 127 65
84 0 127 65
85 0 127 64
86 0 127 65
87 0 127 64
88 0 127 64
89 0 127 64
90 0 127 64
91 0 127 65
92 0 127 63
93 0 127 126
94 0 127 68
95 0 127 65
96 0 127 64
97 0 127 65
98 0 127 64
99 0 127 64
100 0 127 66
101 1 128 64
102 1 128 64
103 1 128 64
104 1 128 64
105 1 128 64
106 1 126 64
107 1 126 64
108 1 126 64
109 1 126 63
110 1 126 65
111 1 128 59
112 1 128 66
113 1 128 69
114 1 128 64
115 1 128 67
116 1 126 67
117 1 126 64
118 1 126 64
119 1 126 64
120 1 126 64
121 1 128 64
122 1 128 64
123 1 128 64
124 1 128 64
125 1 128 63
126 1 126 65
127 1 126 63
128 1 126 63
129 1 126 63
130 1 126 63
131 1 128 70
132 1 128 69
133 1 128 64
134 1 128 64
135 1 128 65
136 1 126 64
137 1 126 64
138 1 126 64
139 1 126 64
140 1 126 65
141 1 128 64
142 1 128 64
143 1 128 64
144 1 128 65
145 1 128 64
146 1 126 65
147 1 126 63
148 1 126 64
149 1 126 63
150 1 126 63
151 1 128 71
152 1 128 70
153 1 128 65
154 1 128 64
155 1 128 64
156 1 126 66
157 1 126 64
158 1 126 65
159 1 126 64
160 1 126 64
161 1 128 66
162 1 128 64
163 1 128 64
164 1 128 67
165 1 128 65
166 1 126 64
167 1 126 64
168 1 126 64
169 1 126 64
170 1 126 65
171 1 128 71
172 1 128 70
173 1 128 65
174 1 128 65
175 1 128 64
176 1 126 64
177 1 126 64
178 1 126 64
179 1 126 64
180 1 126 64
181 1 128 64
182 1 128 65
183 1 128 64
184 1 128 64
185 1 128 64
186 1 126 64
187 1 126 64
188 1 126 63
189 1 126 63
190 1 126 63
191 1 128 63
192 1 128 63
193 1 128 65
194 1 128 68
195 1 128 64
196 1 126 64
197 1 126 64
198 1 126 64
199 1 126 64
200 1 126 64
201 2 129 64
202 2 129 64
203 2 129 64
204 2 129 64
205 2 129 64
206 2 125 64
207 2 125 64
208 2 125 64
209 2 125 64
210 2 125 63
211 2 129 64
212 2 129 63
213 2 129 64
214 2 129 63
215 2 129 64
216 2 125 68
217 2 125 68
218 2 125 64
219 2 125 65
220 2 125 64
221 2 129 64
222 2 129 65
223 2 129 64
224 2 129 66
225 2 129 64
226 2 125 64
227 2 125 64
228 2 125 66
229 2 125 64
230 2 125 64
231 2 129 64
232 2 129 64
233 2 129 65
234 2 129 63
235 2 129 63
236 2 125 63
237 2 125 62
238 2 125 63
239 2 125 68
240 2 125 70
241 2 129 69
242 2 129 65
243 2 129 64
244 2 129 64
245 2 129 64
246 2 125 64
247 2 125 64
248 2 125 64
249 2 125 64
250 2 125 65
251 2 129 65
252 2 129 64
253 2 129 66
254 2 129 65
255 2 129 64
256 2 125 63
257 2 125 63
258 2 125 63
259 2 125 63
260 2 125 63
261 2 129 63
262 2 129 64
263 2 129 68
264 2 129 64
265 2 129 69
266 2 125 71
267 2 125 64
268 2 125 64
269 2 125 64
270 2 125 64
271 2 129 64
272 2 129 65
273 2 129 67
274 2 129 66
275 2 129 64
276 2 125 64
277 2 125 64
278 2 125 66
279 2 125 64
280 2 125 65
281 2 129 64
282 2 129 64
283 2 129 64
284 2 129 64
285 2 129 65
286 2 125 63
287 2 125 64
288 2 125 65
289 2 125 68
290 2 125 68
291 2 129 64
292 2 129 64
293 2 129 64
294 2 129 64
295 2 129 64
296 2 125 65
297 2 125 64
298 2 125 66
299 2 125 64
300 2 125 65
301 3 130 64
302 3 130 64
303 3 130 64
304 3 130 64
305 3 130 64
306 3 124 64
307 3 124 63
308 3 124 64
309 3 124 64
310 3 124 63
311 3 130 64
312 3 130 64
313 3 130 64
314 3 130 63
315 3 130 68
316 3 124 71
317 3 124 71
318 3 124 64
319 3 124 64
320 3 124 64
321 3 130 64
322 3 130 66
323 3 130 64
324 3 130 64
325 3 130 64
326 3 124 64
327 3 124 64
328 3 124 66
329 3 124 64
330 3 124 63
331 3 130 64
332 3 130 64
333 3 130 64
334 3 130 65
335 3 130 63
336 3 124 63
337 3 124 63
338 3 124 64
339 3 124 63
340 3 124 64
341 3 130 63
342 3 130 64
343 3 130 68
344 3 130 68
345 3 130 106
346 3 124 64
347 3 124 64
348 3 124 64
349 3 124 64
350 3 124 64
351 3 130 64
352 3 130 64
353 3 130 64
354 3 130 64
355 3 130 64
356 3 124 64
357 3 124 63
358 3 124 64
359 3 124 64
360 3 124 64
361 3 130 64
362 3 130 64
363 3 130 64
364 3 130 63
365 3 130 63
366 3 124 63
367 3 124 63
368 3 124 63
369 3 124 64
370 3 124 63
371 3 130 64
372 3 130 68
373 3 130 68
374 3 130 64
375 3 130 64
376 3 124 64
377 3 124 64
378 3 124 64
379 3 124 64
380 3 124 65
381 3 130 64
382 3 130 65
383 3 130 64
384 3 130 64
385 3 130 65
386 3 124 64
387 3 124 64
388 3 124 64
389 3 124 64
390 3 124 64
391 3 130 66
392 3 130 66
393 3 130 63
394 3 130 63
395 3 130 63
396 3 124 63
397 3 124 63
398 3 124 65
399 3 124 64
400 3 124 65
401 4 131 69
402 4 131 68
403 4 131 64
404 4 131 64
405 4 131 64
406 4 123 64
407 4 123 64
408 4 123 64
409 4 123 65
410 4 123 66
411 4 131 64
412 4 131 64
413 4 131 64
414 4 131 66
415 4 131 64
416 4 123 64
417 4 123 64
418 4 123 64
419 4 123 64
420 4 123 64
421 4 131 64
422 4 131 63
423 4 131 64
424 4 131 63
425 4 131 65
426 4 123 63
427 4 123 63
428 4 123 63
429 4 123 65
430 4 123 70
431 4 131 64
432 4 131 69
433 4 131 68
434 4 131 64
435 4 131 64
436 4 123 64
437 4 123 64
438 4 123 65
439 4 123 64
440 4 123 64
441 4 131 65
442 4 131 64
443 4 131 64
444 4 131 64
445 4 131 64
446 4 123 64
447 4 123 64
448 4 123 66
449 4 123 64
450 4 123 64
451 4 131 64
452 4 131 64
453 4 131 64
454 4 131 63
455 4 131 63
456 4 123 63
457 4 123 63
458 4 123 64
459 4 123 65
460 4 123 64
461 4 131 68
462 4 131 68
463 4 131 70
464 4 131 69
465 4 131 64
466 4 123 64
467 4 123 64
468 4 123 64
469 4 123 64
470 4 123 64
471 4 131 64
472 4 131 64
473 4 131 64
474 4 131 64
475 4 131 64
476 4 123 64
477 4 123 64
478 4 123 64
479 4 123 64
480 4 123 64
481 4 131 64
482 4 131 64
483 4 131 64
484 4 131 63
485 4 131 64
486 4 123 63
487 4 123 64
488 4 123 63
489 4 123 64
490 4 123 64
491 4 131 65
492 4 131 65
493 4 131 65
494 4 131 68
495 4 131 68
496 4 123 72
497 4 123 71
498 4 123 65
499 4 123 64
500 4 123 64
501 5 132 64
502 5 132 64
503 5 132 64
504 5 132 64
505 5 132 64
506 5 122 64
507 5 122 65
508 5 122 64
509 5 122 64
510 5 122 64
511 5 132 66
512 5 132 64
513 5 132 64
514 5 132 64
515 5 132 64
516 5 122 64
517 5 122 64
518 5 122 65
519 5 122 65
520 5 122 63
521 5 132 63
522 5 132 63
523 5 132 63
524 5 132 63
525 5 132 63
526 5 122 63
527 5 122 64
528 5 122 68
529 5 122 64
530 5 122 68
531 5 132 68
532 5 132 64
533 5 132 64
534 5 132 64
535 5 132 64
536 5 122 65
537 5 122 64
538 5 122 64
539 5 122 64
540 5 122 64
541 5 132 64
542 5 132 64
543 5 132 64
544 5 132 64
545 5 132 64
546 5 122 64
547 5 122 64
548 5 122 63
549 5 122 64
550 5 122 64
551 5 132 63
552 5 132 64
553 5 132 65
554 5 132 63
555 5 132 63
556 5 122 65
557 5 122 63
558 5 122 64
559 5 122 63
560 5 122 63
561 5 132 63
562 5 132 63
563 5 132 68
564 5 132 68
565 5 132 69
566 5 122 68
567 5 122 64
568 5 122 64
569 5 122 64
570 5 122 65
571 5 132 64
572 5 132 64
573 5 132 64
574 5 132 64
575 5 132 64
576 5 122 66
577 5 122 64
578 5 122 65
579 5 122 63
580 5 122 64
581 5 132 64
582 5 132 63
583 5 132 64
584 5 132 64
585 5 132 66
586 5 122 64
587 5 122 64
588 5 122 63
589 5 122 65
590 5 122 63
591 5 132 63
592 5 132 63
593 5 132 63
594 5 132 63
595 5 132 63
596 5 122 66
597 5 122 64
598 5 122 64
599 5 122 68
600 5 122 69
601 6 133 69
602 6 133 68
603 6 133 64
604 6 133 66
605 6 133 66
606 6 121 64
607 6 121 64
608 6 121 64
609 6 121 64
610 6 121 64
611 6 133 64
612 6 133 66
613 6 133 64
614 6 133 64
615 6 133 64
616 6 121 64
617 6 121 64
618 6 121 64
619 6 121 65
620 6 121 64
621 6 133 64
622 6 133 65
623 6 133 64
624 6 133 64
625 6 133 65
626 6 121 63
627 6 121 66
628 6 121 65
629 6 121 63
630 6 121 63
631 6 133 63
632 6 133 63
633 6 133 63
634 6 133 65
635 6 133 68
636 6 121 65
637 6 121 68
638 6 121 65
639 6 121 100
640 6 121 64
641 6 133 64
642 6 133 64
643 6 133 64
644 6 133 65
645 6 133 65
646 6 121 64
647 6 121 64
648 6 121 64
649 6 121 63
650 6 121 64
651 6 133 64
652 6 133 64
653 6 133 66
654 6 133 64
655 6 133 65
656 6 121 64
657 6 121 63
658 6 121 64
659 6 121 64
660 6 121 63
661 6 133 64
662 6 133 64
663 6 133 63
664 6 133 66
665 6 133 64
666 6 121 63
667 6 121 64
668 6 121 63
669 6 121 63
670 6 121 63
671 6 133 63
672 6 133 65
673 6 133 67
674 6 133 65
675 6 133 69
676 6 121 64
677 6 121 71
678 6 121 69
679 6 121 64
680 6 121 64
681 6 133 64
682 6 133 64
683 6 133 64
684 6 133 64
685 6 133 64
686 6 121 65
687 6 121 66
688 6 121 65
689 6 121 64
690 6 121 64
691 6 133 64
692 6 133 64
693 6 133 64
694 6 133 64
695 6 133 64
696 6 121 65
697 6 121 63
698 6 121 64
699 6 121 64
700 6 121 64
701 7 134 63
702 7 134 63
703 7 134 63
704 7 134 64
705 7 134 64
706 7 120 63
707 7 120 64
708 7 120 63
709 7 120 63
710 7 120 64
711 7 134 62
712 7 134 70
713 7 134 67
714 7 134 64
715 7 134 68
716 7 120 65
717 7 120 73
718 7 120 66
719 7 120 64
720 7 120 64
721 7 134 64
722 7 134 64
723 7 134 64
724 7 134 64
725 7 134 66
726 7 120 66
727 7 120 64
728 7 120 64
729 7 120 64
730 7 120 64
731 7 134 64
732 7 134 64
733 7 134 64
734 7 134 66
735 7 134 64
736 7 120 64
737 7 120 64
738 7 120 63
739 7 120 64
740 7 120 64
741 7 134 64
742 7 134 63
743 7 134 64
744 7 134 63
745 7 134 64
746 7 120 63
747 7 120 63
748 7 120 63
749 7 120 63
750 7 120 65
751 7 134 64
752 7 134 63
753 7 134 63
754 7 134 64
755 7 134 71
756 7 120 64
757 7 120 69
758 7 120 69
759 7 120 64
760 7 120 64
761 7 134 64
762 7 134 64
763 7 134 67
764 7 134 66
765 7 134 64
766 7 120 64
767 7 120 64
768 7 120 64
769 7 120 66
770 7 120 64
771 7 134 64
772 7 134 64
773 7 134 64
774 7 134 64
775 7 134 64
776 7 120 64
777 7 120 64
778 7 120 64
779 7 120 64
780 7 120 66
781 7 134 63
782 7 134 64
783 7 134 64
784 7 134 63
785 7 134 64
786 7 120 63
787 7 120 63
788 7 120 65
789 7 120 63
790 7 120 63
791 7 134 63
792 7 134 63
793 7 134 63
794 7 134 64
795 7 134 67
796 7 120 64
797 7 120 68
798 7 120 68
799 7 120 68
800 7 120 70
801 8 135 64
802 8 135 64
803 8 135 64
804 8 135 64
805 8 135 64
806 8 119 64
807 8 119 64
808 8 119 64
809 8 119 64
810 8 119 64
811 8 135 64
812 8 135 64
813 8 135 64
814 8 135 65
815 8 135 66
816 8 119 64
817 8 119 64
818 8 119 63
819 8 119 64
820 8 119 63
821 8 135 65
822 8 135 64
823 8 135 65
824 8 135 63
825 8 135 64
826 8 119 63
827 8 119 63
828 8 119 63
829 8 119 65
830 8 119 65
831 8 135 63
832 8 135 65
833 8 135 65
834 8 135 64
835 8 135 64
836 8 119 64
837 8 119 62
838 8 119 62
839 8 119 70
840 8 119 70
841 8 135 71
842 8 135 71
843 8 135 65
844 8 135 64
845 8 135 64
846 8 119 64
847 8 119 64
848 8 119 64
849 8 119 64
850 8 119 64
851 8 135 65
852 8 135 64
853 8 135 64
854 8 135 66
855 8 135 64
856 8 119 64
857 8 119 64
858 8 119 64
859 8 119 64
860 8 119 64
861 8 135 65
862 8 135 63
863 8 135 64
864 8 135 64
865 8 135 64
866 8 119 64
867 8 119 64
868 8 119 64
869 8 119 63
870 8 119 63
871 8 135 63
872 8 135 64
873 8 135 63
874 8 135 65
875 8 135 63
876 8 119 63
877 8 119 64
878 8 119 63
879 8 119 63
880 8 119 63
881 8 135 63
882 8 135 62
883 8 135 65
884 8 135 67
885 8 135 64
886 8 119 68
887 8 119 68
888 8 119 70
889 8 119 68
890 8 119 64
891 8 135 64
892 8 135 64
893 8 135 64
894 8 135 64
895 8 135 64
896 8 119 64
897 8 119 64
898 8 119 64
899 8 119 64
900 8 119 64
901 9 136 64
902 9 136 64
903 9 136 64
904 9 136 66
905 9 136 64
906 9 118 64
907 9 118 64
908 9 118 64
909 9 118 64
910 9 118 64
911 9 136 63
912 9 136 64
913 9 136 63
914 9 136 64
915 9 136 65
916 9 118 64
917 9 118 63
918 9 118 63
919 9 118 63
920 9 118 65
921 9 136 64
922 9 136 63
923 9 136 64
924 9 136 63
925 9 136 63
926 9 118 63
927 9 118 63
928 9 118 63
929 9 118 63
930 9 118 68
931 9 136 68
932 9 136 64
933 9 136 68
934 9 136 64
935 9 136 71
936 9 118 69
937 9 118 64
938 9 118 64
939 9 118 64
940 9 118 64
941 9 136 65
942 9 136 64
943 9 136 64
944 9 136 64
945 9 136 64
946 9 118 65
947 9 118 65
948 9 118 65
949 9 118 64
950 9 118 64
951 9 136 64
952 9 136 64
953 9 136 64
954 9 136 64
955 9 136 66
956 9 118 64
957 9 118 65
958 9 118 64
959 9 118 64
960 9 118 63
961 9 136 65
962 9 136 65
963 9 136 64
964 9 136 63
965 9 136 64
966 9 118 63
967 9 118 63
968 9 118 63
969 9 118 63
970 9 118 63
971 9 136 63
972 9 136 65
973 9 136 63
974 9 136 66
975 9 136 63
976 9 118 63
977 9 118 63
978 9 118 65
979 9 118 68
980 9 118 70
981 9 136 64
982 9 136 70
983 9 136 65
984 9 136 91
985 9 136 66
986 9 118 64
987 9 118 64
988 9 118 64
989 9 118 66
990 9 118 66
991 9 136 64
992 9 136 65
993 9 136 64
994 9 136 64
995 9 136 64
996 9 118 66
997 9 118 64
998 9 118 64
999 9 118 64
1000 9 118 64
1001 10 137 64
1002 10 137 64
1003 10 137 64
1004 10 137 64
1005 10 137 64
1006 10 117 64
1007 10 117 64
1008 10 117 64
1009 10 117 64
1010 10 117 65
1011 10 137 64
1012 10 137 65
1013 10 137 64
1014 10 137 65
1015 10 137 63
1016 10 117 63
1017 10 117 63
1018 10 117 64
1019 10 117 63
1020 10 117 65
1021 10 137 64
1022 10 137 63
1023 10 137 64
1024 10 137 65
1025 10 137 63
1026 10 117 64
1027 10 117 63
1028 10 117 68
1029 10 117 68
1030 10 117 64
1031 10 137 67
1032 10 137 64
1033 10 137 69
1034 10 137 70
1035 10 137 64
1036 10 117 65
1037 10 117 64
1038 10 117 64
1039 10 117 64
1040 10 117 64
1041 10 137 64
1042 10 137 64
1043 10 137 64
1044 10 137 64
1045 10 137 64
1046 10 117 64
1047 10 117 64
1048 10 117 64
1049 10 117 64
1050 10 117 65
1051 10 137 64
1052 10 137 64
1053 10 137 64
1054 10 137 64
1055 10 137 64
1056 10 117 65
1057 10 117 65
1058 10 117 63
1059 10 117 64
1060 10 117 63
1061 10 137 64
1062 10 137 65
1063 10 137 64
1064 10 137 63
1065 10 137 65
1066 10 117 63
1067 10 117 63
1068 10 117 63
1069 10 117 63
1070 10 117 64
1071 10 137 63
1072 10 137 64
1073 10 137 63
1074 10 137 63
1075 10 137 63
1076 10 117 63
1077 10 117 63
1078 10 117 64
1079 10 117 63
1080 10 117 63
1081 10 137 64
1082 10 137 68
1083 10 137 64
1084 10 137 68
1085 10 137 68
1086 10 117 69
1087 10 117 71
1088 10 117 64
1089 10 117 64
1090 10 117 66
1091 10 137 64
1092 10 137 64
1093 10 137 64
1094 10 137 64
1095 10 137 64
1096 10 117 64
1097 10 117 64
1098 10 117 64
1099 10 117 66
1100 10 117 64
1101 11 138 64
1102 11 138 63
1103 11 138 64
1104 11 138 65
1105 11 138 65
1106 11 116 66
1107 11 116 64
1108 11 116 64
1109 11 116 64
1110 11 116 64
1111 11 138 66
1112 11 138 64
1113 11 138 64
1114 11 138 63
1115 11 138 64
1116 11 116 64
1117 11 116 63
1118 11 116 64
1119 11 116 64
1120 11 116 63
1121 11 138 64
1122 11 138 63
1123 11 138 63
1124 11 138 63
1125 11 138 63
1126 11 116 63
1127 11 116 63
1128 11 116 64
1129 11 116 62
1130 11 116 65
1131 11 138 63
1132 11 138 64
1133 11 138 63
1134 11 138 63
1135 11 138 68
1136 11 116 69
1137 11 116 70
1138 11 116 68
1139 11 116 65
1140 11 116 68
1141 11 138 64
1142 11 138 64
1143 11 138 64
1144 11 138 64
1145 11 138 64
1146 11 116 64
1147 11 116 64
1148 11 116 64
1149 11 116 64
1150 11 116 66
1151 11 138 64
1152 11 138 64
1153 11 138 64
1154 11 138 64
1155 11 138 64
1156 11 116 64
1157 11 116 64
1158 11 116 64
1159 11 116 64
1160 11 116 64
1161 11 138 64
1162 11 138 64
1163 11 138 64
1164 11 138 64
1165 11 138 64
1166 11 116 64
1167 11 116 65
1168 11 116 64
1169 11 116 64
1170 11 116 64
1171 11 138 63
1172 11 138 64
1173 11 138 64
1174 11 138 63
1175 11 138 63
1176 11 116 63
1177 11 116 63
1178 11 116 63
1179 11 116 64
1180 11 116 63
1181 11 138 65
1182 11 138 63
1183 11 138 65
1184 11 138 63
1185 11 138 63
1186 11 116 63
1187 11 116 63
1188 11 116 63
1189 11 116 63
1190 11 116 64
1191 11 138 69
1192 11 138 64
1193 11 138 68
1194 11 138 68
1195 11 138 71
1196 11 116 70
1197 11 116 69
1198 11 116 68
1199 11 116 64
1200 11 116 64
1201 12 139 64
1202 12 139 64
1203 12 139 65
1204 12 139 64
1205 12 139 64
1206 12 115 64
1207 12 115 64
1208 12 115 65
1209 12 115 64
1210 12 115 64
1211 12 139 66
1212 12 139 64
1213 12 139 64
1214 12 139 64
1215 12 139 64
1216 12 115 64
1217 12 115 64
1218 12 115 64
1219 12 115 64
1220 12 115 63
1221 12 139 65
1222 12 139 64
1223 12 139 64
1224 12 139 64
1225 12 139 63
1226 12 115 64
1227 12 115 63
1228 12 115 64
1229 12 115 65
1230 12 115 64
1231 12 139 65
1232 12 139 64
1233 12 139 63
1234 12 139 65
1235 12 139 64
1236 12 115 63
1237 12 115 64
1238 12 115 64
1239 12 115 65
1240 12 115 63
1241 12 139 64
1242 12 139 63
1243 12 139 63
1244 12 139 63
1245 12 139 63
1246 12 115 63
1247 12 115 62
1248 12 115 64
1249 12 115 64
1250 12 115 64
1251 12 139 68
1252 12 139 67
1253 12 139 68
1254 12 139 70
1255 12 139 69
1256 12 115 69
1257 12 115 69
1258 12 115 68
1259 12 115 64
1260 12 115 64
1261 12 139 64
1262 12 139 66
1263 12 139 64
1264 12 139 64
1265 12 139 65
1266 12 115 64
1267 12 115 64
1268 12 115 64
1269 12 115 64
1270 12 115 66
1271 12 139 64
1272 12 139 64
1273 12 139 64
1274 12 139 64
1275 12 139 64
1276 12 115 65
1277 12 115 64
1278 12 115 64
1279 12 115 64
1280 12 115 64
1281 12 139 64
1282 12 139 64
1283 12 139 64
1284 12 139 66
1285 12 139 64
1286 12 115 64
1287 12 115 65
1288 12 115 64
1289 12 115 65
1290 12 115 65
1291 12 139 64
1292 12 139 63
1293 12 139 64
1294 12 139 63
1295 12 139 64
1296 12 115 64
1297 12 115 64
1298 12 115 63
1299 12 115 64
1300 12 115 63
1301 13 140 64
1302 13 140 63
1303 13 140 63
1304 13 140 63
1305 13 140 63
1306 13 114 63
1307 13 114 63
1308 13 114 65
1309 13 114 63
1310 13 114 65
1311 13 140 63
1312 13 140 62
1313 13 140 68
1314 13 140 68
1315 13 140 69
1316 13 114 68
1317 13 114 71
1318 13 114 68
1319 13 114 66
1320 13 114 69
1321 13 140 64
1322 13 140 64
1323 13 140 64
1324 13 140 64
1325 13 140 66
1326 13 114 64
1327 13 114 65
1328 13 114 64
1329 13 114 64
1330 13 114 64
1331 13 140 64
1332 13 140 65
1333 13 140 64
1334 13 140 64
1335 13 140 64
1336 13 114 64
1337 13 114 64
1338 13 114 64
1339 13 114 65
1340 13 114 64
1341 13 140 64
1342 13 140 64
1343 13 140 64
1344 13 140 64
1345 13 140 65
1346 13 114 64
1347 13 114 64
1348 13 114 64
1349 13 114 64
1350 13 114 64
1351 13 140 64
1352 13 140 64
1353 13 140 64
1354 13 140 63
1355 13 140 63
1356 13 114 63
1357 13 114 64
1358 13 114 64
1359 13 114 66
1360 13 114 63
1361 13 140 63
1362 13 140 63
1363 13 140 63
1364 13 140 64
1365 13 140 63
1366 13 114 63
1367 13 114 63
1368 13 114 64
1369 13 114 63
1370 13 114 64
1371 13 140 63
1372 13 140 63
1373 13 140 63
1374 13 140 63
1375 13 140 63
1376 13 114 63
1377 13 114 64
1378 13 114 68
1379 13 114 64
1380 13 114 68
1381 13 140 68
1382 13 140 69
1383 13 140 68
1384 13 140 69
1385 13 140 69
1386 13 114 64
1387 13 114 64
1388 13 114 64
1389 13 114 64
1390 13 114 66
1391 13 140 64
1392 13 140 64
1393 13 140 64
1394 13 140 64
1395 13 140 64
1396 13 114 64
1397 13 114 64
1398 13 114 64
1399 13 114 66
1400 13 114 64
1401 14 141 64
1402 14 141 65
1403 14 141 64
1404 14 141 64
1405 14 141 64
1406 14 113 64
1407 14 113 66
1408 14 113 66
1409 14 113 65
1410 14 113 64
1411 14 141 63
1412 14 141 64
1413 14 141 64
1414 14 141 63
1415 14 141 64
1416 14 113 64
1417 14 113 64
1418 14 113 63
1419 14 113 64
1420 14 113 63
1421 14 141 63
1422 14 141 63
1423 14 141 64
1424 14 141 64
1425 14 141 63
1426 14 113 64
1427 14 113 63
1428 14 113 64
1429 14 113 64
1430 14 113 64
1431 14 141 63
1432 14 141 63
1433 14 141 63
1434 14 141 63
1435 14 141 63
1436 14 113 63
1437 14 113 64
1438 14 113 63
1439 14 113 65
1440 14 113 65
1441 14 141 62
1442 14 141 63
1443 14 141 63
1444 14 141 68
1445 14 141 68
1446 14 113 71
1447 14 113 68
1448 14 113 66
1449 14 113 68
1450 14 113 64
1451 14 141 69
1452 14 141 69
1453 14 141 65
1454 14 141 64
1455 14 141 64
1456 14 113 64
1457 14 113 64
1458 14 113 64
1459 14 113 64
1460 14 113 64
1461 14 141 64
1462 14 141 64
1463 14 141 65
1464 14 141 66
1465 14 141 64
1466 14 113 64
1467 14 113 64
1468 14 113 64
1469 14 113 64
1470 14 113 64
1471 14 141 64
1472 14 141 64
1473 14 141 64
1474 14 141 64
1475 14 141 64
1476 14 113 64
1477 14 113 64
1478 14 113 66
1479 14 113 64
1480 14 113 63
1481 14 141 64
1482 14 141 63
1483 14 141 63
1484 14 141 64
1485 14 141 63
1486 14 113 65
1487 14 113 64
1488 14 113 64
1489 14 113 63
1490 14 113 64
1491 14 141 63
1492 14 141 63
1493 14 141 63
1494 14 141 63
1495 14 141 64
1496 14 113 63
1497 14 113 64
1498 14 113 63
1499 14 113 64
1500 14 113 63
1501 15 142 63
1502 15 142 64
1503 15 142 65
1504 15 142 63
1505 15 142 63
1506 15 112 66
1507 15 112 63
1508 15 112 65
1509 15 112 63
1510 15 112 62
1511 15 142 62
1512 15 142 62
1513 15 142 97
1514 15 142 70
1515 15 142 68
1516 15 112 68
1517 15 112 64
1518 15 112 68
1519 15 112 64
1520 15 112 69
1521 15 142 69
1522 15 142 64
1523 15 142 68
1524 15 142 64
1525 15 142 64
1526 15 112 66
1527 15 112 64
1528 15 112 64
1529 15 112 64
1530 15 112 65
1531 15 142 64
1532 15 142 64
1533 15 142 64
1534 15 142 64
1535 15 142 65
1536 15 112 64
1537 15 112 64
1538 15 112 64
1539 15 112 64
1540 15 112 64
1541 15 142 64
1542 15 142 64
1543 15 142 64
1544 15 142 64
1545 15 142 64
1546 15 112 64
1547 15 112 64
1548 15 112 64
1549 15 112 64
1550 15 112 63
1551 15 142 64
1552 15 142 63
1553 15 142 66
1554 15 142 64
1555 15 142 64
1556 15 112 64
1557 15 112 64
1558 15 112 64
1559 15 112 64
1560 15 112 63
1561 15 142 63
1562 15 142 63
1563 15 142 63
1564 15 142 64
1565 15 142 63
1566 15 112 65
1567 15 112 63
1568 15 112 64
1569 15 112 63
1570 15 112 63
1571 15 142 64
1572 15 142 63
1573 15 142 63
1574 15 142 63
1575 15 142 64
1576 15 112 63
1577 15 112 64
1578 15 112 63
1579 15 112 64
1580 15 112 63
1581 15 142 64
1582 15 142 63
1583 15 142 63
1584 15 142 63
1585 15 142 63
1586 15 112 64
1587 15 112 69
1588 15 112 66
1589 15 112 70
1590 15 112 67
1591 15 142 68
1592 15 142 68
1593 15 142 71
1594 15 142 68
1595 15 142 69
1596 15 112 68
1597 15 112 64
1598 15 112 64
1599 15 112 64
1600 15 112 64
1601 16 143 64
1602 16 143 64
1603 16 143 65
1604 16 143 64
1605 16 143 64
1606 16 111 64
1607 16 111 64
1608 16 111 64
1609 16 111 64
1610 16 111 64
1611 16 143 64
1612 16 143 64
1613 16 143 64
1614 16 143 63
1615 16 143 66
1616 16 111 64
1617 16 111 64
1618 16 111 64
1619 16 111 64
1620 16 111 64
1621 16 143 64
1622 16 143 64
1623 16 143 63
1624 16 143 64
1625 16 143 64
1626 16 111 64
1627 16 111 64
1628 16 111 64
1629 16 111 64
1630 16 111 64
1631 16 143 63
1632 16 143 64
1633 16 143 64
1634 16 143 64
1635 16 143 65
1636 16 111 64
1637 16 111 64
1638 16 111 64
1639 16 111 63
1640 16 111 63
1641 16 143 63
1642 16 143 63
1643 16 143 63
1644 16 143 64
1645 16 143 63
1646 16 111 64
1647 16 111 63
1648 16 111 64
1649 16 111 64
1650 16 111 64
1651 16 143 63
1652 16 143 63
1653 16 143 63
1654 16 143 63
1655 16 143 65
1656 16 111 62
1657 16 111 66
1658 16 111 63
1659 16 111 63
1660 16 111 62
1661 16 143 63
1662 16 143 69
1663 16 143 63
1664 16 143 68
1665 16 143 68
1666 16 111 64
1667 16 111 68
1668 16 111 64
1669 16 111 68
1670 16 111 69
1671 16 143 71
1672 16 143 69
1673 16 143 64
1674 16 143 64
1675 16 143 64
1676 16 111 64
1677 16 111 64
1678 16 111 64
1679 16 111 66
1680 16 111 64
1681 16 143 65
1682 16 143 64
1683 16 143 64
1684 16 143 64
1685 16 143 64
1686 16 111 64
1687 16 111 66
1688 16 111 64
1689 16 111 64
1690 16 111 64
1691 16 143 64
1692 16 143 64
1693 16 143 64
1694 16 143 64
1695 16 143 64
1696 16 111 64
1697 16 111 64
1698 16 111 64
1699 16 111 64
1700 16 111 64
1701 17 144 64
1702 17 144 64
1703 17 144 64
1704 17 144 64
1705 17 144 64
1706 17 110 64
1707 17 110 63
1708 17 110 64
1709 17 110 63
1710 17 110 63
1711 17 144 63
1712 17 144 64
1713 17 144 64
1714 17 144 65
1715 17 144 64
1716 17 110 64
1717 17 110 64
1718 17 110 63
1719 17 110 63
1720 17 110 63
1721 17 144 63
1722 17 144 64
1723 17 144 63
1724 17 144 64
1725 17 144 63
1726 17 110 64
1727 17 110 63
1728 17 110 65
1729 17 110 63
1730 17 110 65
1731 17 144 63
1732 17 144 63
1733 17 144 63
1734 17 144 63
1735 17 144 64
1736 17 110 63
1737 17 110 65
1738 17 110 62
1739 17 110 62
1740 17 110 62
1741 17 144 62
1742 17 144 65
1743 17 144 62
1744 17 144 68
1745 17 144 68
1746 17 110 64
1747 17 110 68
1748 17 110 64
1749 17 110 68
1750 17 110 69
1751 17 144 69
1752 17 144 68
1753 17 144 64
1754 17 144 65
1755 17 144 64
1756 17 110 64
1757 17 110 64
1758 17 110 64
1759 17 110 64
1760 17 110 66
1761 17 144 64
1762 17 144 65
1763 17 144 64
1764 17 144 64
1765 17 144 64
1766 17 110 64
1767 17 110 64
1768 17 110 65
1769 17 110 65
1770 17 110 64
1771 17 144 64
1772 17 144 65
1773 17 144 64
1774 17 144 65
1775 17 144 64
1776 17 110 64
1777 17 110 64
1778 17 110 64
1779 17 110 63
1780 17 110 64
1781 17 144 63
1782 17 144 64
1783 17 144 63
1784 17 144 64
1785 17 144 64
1786 17 110 65
1787 17 110 64
1788 17 110 64
1789 17 110 64
1790 17 110 63
1791 17 144 63
1792 17 144 64
1793 17 144 64
1794 17 144 63
1795 17 144 64
1796 17 110 63
1797 17 110 64
1798 17 110 63
1799 17 110 64
1800 17 110 64
1801 18 145 64
1802 18 145 64
1803 18 145 63
1804 18 145 64
1805 18 145 63
1806 18 109 64
1807 18 109 63
1808 18 109 63
1809 18 109 63
1810 18 109 63
1811 18 145 63
1812 18 145 63
1813 18 145 63
1814 18 145 63
1815 18 145 65
1816 18 109 63
1817 18 109 64
1818 18 109 63
1819 18 109 63
1820 18 109 63
1821 18 145 64
1822 18 145 64
1823 18 145 63
1824 18 145 64
1825 18 145 64
1826 18 109 66
1827 18 109 63
1828 18 109 62
1829 18 109 67
1830 18 109 70
1831 18 145 68
1832 18 145 68
1833 18 145 68
1834 18 145 68
1835 18 145 64
1836 18 109 68
1837 18 109 64
1838 18 109 70
1839 18 109 70
1840 18 109 66
1841 18 145 64
1842 18 145 64
1843 18 145 64
1844 18 145 64
1845 18 145 64
1846 18 109 64
1847 18 109 64
1848 18 109 64
1849 18 109 64
1850 18 109 64
1851 18 145 65
1852 18 145 64
1853 18 145 64
1854 18 145 63
1855 18 145 65
1856 18 109 64
1857 18 109 64
1858 18 109 64
1859 18 109 65
1860 18 109 64
1861 18 145 64
1862 18 145 64
1863 18 145 64
1864 18 145 64
1865 18 145 64
1866 18 109 64
1867 18 109 64
1868 18 109 64
1869 18 109 64
1870 18 109 64
1871 18 145 64
1872 18 145 64
1873 18 145 64
1874 18 145 64
1875 18 145 64
1876 18 109 64
1877 18 109 64
1878 18 109 64
1879 18 109 64
1880 18 109 63
1881 18 145 64
1882 18 145 64
1883 18 145 63
1884 18 145 65
1885 18 145 65
1886 18 109 64
1887 18 109 63
1888 18 109 63
1889 18 109 63
1890 18 109 63
1891 18 145 63
1892 18 145 63
1893 18 145 64
1894 18 145 63
1895 18 145 64
1896 18 109 63
1897 18 109 64
1898 18 109 63
1899 18 109 63
1900 18 109 63
1901 19 146 63
1902 19 146 63
1903 19 146 63
1904 19 146 64
1905 19 146 63
1906 19 108 64
1907 19 108 63
1908 19 108 63
1909 19 108 63
1910 19 108 63
1911 19 146 63
1912 19 146 65
1913 19 146 63
1914 19 146 62
1915 19 146 64
1916 19 108 65
1917 19 108 64
1918 19 108 68
1919 19 108 67
1920 19 108 68
1921 19 146 70
1922 19 146 68
1923 19 146 71
1924 19 146 64
1925 19 146 69
1926 19 108 64
1927 19 108 69
1928 19 108 69
1929 19 108 64
1930 19 108 71
1931 19 146 64
1932 19 146 64
1933 19 146 64
1934 19 146 64
1935 19 146 65
1936 19 108 64
1937 19 108 64
1938 19 108 64
1939 19 108 65
1940 19 108 64
1941 19 146 64
1942 19 146 64
1943 19 146 64
1944 19 146 65
1945 19 146 64
1946 19 108 64
1947 19 108 64
1948 19 108 64
1949 19 108 64
1950 19 108 65
1951 19 146 64
1952 19 146 64
1953 19 146 65
1954 19 146 65
1955 19 146 64
1956 19 108 64
1957 19 108 64
1958 19 108 64
1959 19 108 64
1960 19 108 64
1961 19 146 63
1962 19 146 64
1963 19 146 66
1964 19 146 64
1965 19 146 63
1966 19 108 64
1967 19 108 63
1968 19 108 64
1969 19 108 66
1970 19 108 63
1971 19 146 64
1972 19 146 65
1973 19 146 64
1974 19 146 64
1975 19 146 64
1976 19 108 64
1977 19 108 63
1978 19 108 63
1979 19 108 65
1980 19 108 63
1981 19 146 64
1982 19 146 64
1983 19 146 63
1984 19 146 66
1985 19 146 63
1986 19 108 64
1987 19 108 63
1988 19 108 63
1989 19 108 64
1990 19 108 65
1991 19 146 63
1992 19 146 64
1993 19 146 64
1994 19 146 63
1995 19 146 65
1996 19 108 63
1997 19 108 63
1998 19 108 63
1999 19 108 63
2000 19 108 63
2001 20 147 63
2002 20 147 63
2003 20 147 64
2004 20 147 64
2005 20 147 63
2006 20 107 64
2007 20 107 65
2008 20 107 62
2009 20 107 62
2010 20 107 63
2011 20 147 68
2012 20 147 64
2013 20 147 65
2014 20 147 67
2015 20 147 64
2016 20 107 71
2017 20 107 68
2018 20 107 70
2019 20 107 68
2020 20 107 69
2021 20 147 68
2022 20 147 69
2023 20 147 68
2024 20 147 64
2025 20 147 64
2026 20 107 65
2027 20 107 64
2028 20 107 64
2029 20 107 64
2030 20 107 64
2031 20 147 64
2032 20 147 64
2033 20 147 64
2034 20 147 64
2035 20 147 66
2036 20 107 64
2037 20 107 64
2038 20 107 64
2039 20 107 64
2040 20 107 64
2041 20 147 65
2042 20 147 64
2043 20 147 64
2044 20 147 64
2045 20 147 64
2046 20 107 64
2047 20 107 64
2048 20 107 64
2049 20 107 64
2050 20 107 66
2051 20 147 64
2052 20 147 64
2053 20 147 64
2054 20 147 63
2055 20 147 64
2056 20 107 65
2057 20 107 64
2058 20 107 64
2059 20 107 64
2060 20 107 64
2061 20 147 63
2062 20 147 64
2063 20 147 64
2064 20 147 65
2065 20 147 64
2066 20 107 66
2067 20 107 63
2068 20 107 65
2069 20 107 64
2070 20 107 64
2071 20 147 64
2072 20 147 64
2073 20 147 64
2074 20 147 63
2075 20 147 64
2076 20 107 64
2077 20 107 64
2078 20 107 63
2079 20 107 63
2080 20 107 63
2081 20 147 64
2082 20 147 64
2083 20 147 64
2084 20 147 64
2085 20 147 63
2086 20 107 64
2087 20 107 63
2088 20 107 63
2089 20 107 63
2090 20 107 63
2091 20 147 63
2092 20 147 63
2093 20 147 64
2094 20 147 63
2095 20 147 66
2096 20 107 63
2097 20 107 63
2098 20 107 63
2099 20 107 63
2100 20 107 63
2101 21 148 63
2102 21 148 63
2103 21 148 62
2104 21 148 64
2105 21 148 63
2106 21 106 64
2107 21 106 63
2108 21 106 63
2109 21 106 62
2110 21 106 63
2111 21 148 62
2112 21 148 62
2113 21 148 65
2114 21 148 64
2115 21 148 64
2116 21 106 68
2117 21 106 67
2118 21 106 70
2119 21 106 68
2120 21 106 68
2121 21 148 70
2122 21 148 69
2123 21 148 68
2124 21 148 64
2125 21 148 70
2126 21 106 64
2127 21 106 64
2128 21 106 68
2129 21 106 64
2130 21 106 64
2131 21 148 64
2132 21 148 64
2133 21 148 64
2134 21 148 64
2135 21 148 64
2136 21 106 64
2137 21 106 64
2138 21 106 64
2139 21 106 64
2140 21 106 64
2141 21 148 64
2142 21 148 65
2143 21 148 64
2144 21 148 64
2145 21 148 64
2146 21 106 64
2147 21 106 64
2148 21 106 65
2149 21 106 64
2150 21 106 64
2151 21 148 64
2152 21 148 64
2153 21 148 64
2154 21 148 64
2155 21 148 64
2156 21 106 64
2157 21 106 64
2158 21 106 64
2159 21 106 63
2160 21 106 64
2161 21 148 64
2162 21 148 65
2163 21 148 64
2164 21 148 66
2165 21 148 63
2166 21 106 63
2167 21 106 64
2168 21 106 64
2169 21 106 63
2170 21 106 63
2171 21 148 64
2172 21 148 64
2173 21 148 64
2174 21 148 64
2175 21 148 65
2176 21 106 63
2177 21 106 64
2178 21 106 64
2179 21 106 64
2180 21 106 64
2181 21 148 64
2182 21 148 65
2183 21 148 64
2184 21 148 64
2185 21 148 64
2186 21 106 64
2187 21 106 63
2188 21 106 63
2189 21 106 63
2190 21 106 64
2191 21 148 64
2192 21 148 63
2193 21 148 64
2194 21 148 63
2195 21 148 64
2196 21 106 65
2197 21 106 63
2198 21 106 63
2199 21 106 63
2200 21 106 64
2201 22 149 65
2202 22 149 64
2203 22 149 63
2204 22 149 64
2205 22 149 63
2206 22 105 63
2207 22 105 63
2208 22 105 63
2209 22 105 63
2210 22 105 65
2211 22 149 63
2212 22 149 63
2213 22 149 64
2214 22 149 63
2215 22 149 64
2216 22 105 63
2217 22 105 63
2218 22 105 63
2219 22 105 62
2220 22 105 63
2221 22 149 63
2222 22 149 64
2223 22 149 63
2224 22 149 64
2225 22 149 109
2226 22 105 63
2227 22 105 70
2228 22 105 67
2229 22 105 68
2230 22 105 68
2231 22 149 71
2232 22 149 68
2233 22 149 64
2234 22 149 68
2235 22 149 64
2236 22 105 68
2237 22 105 68
2238 22 105 65
2239 22 105 68
2240 22 105 64
2241 22 149 64
2242 22 149 64
2243 22 149 64
2244 22 149 66
2245 22 149 64
2246 22 105 64
2247 22 105 64
2248 22 105 64
2249 22 105 64
2250 22 105 64
2251 22 149 64
2252 22 149 64
2253 22 149 64
2254 22 149 64
2255 22 149 64
2256 22 105 64
2257 22 105 64
2258 22 105 63
2259 22 105 64
2260 22 105 64
2261 22 149 64
2262 22 149 64
2263 22 149 63
2264 22 149 64
2265 22 149 64
2266 22 105 64
2267 22 105 64
2268 22 105 64
2269 22 105 64
2270 22 105 64
2271 22 149 66
2272 22 149 64
2273 22 149 64
2274 22 149 64
2275 22 149 64
2276 22 105 64
2277 22 105 64
2278 22 105 64
2279 22 105 64
2280 22 105 64
2281 22 149 65
2282 22 149 64
2283 22 149 64
2284 22 149 64
2285 22 149 63
2286 22 105 63
2287 22 105 65
2288 22 105 64
2289 22 105 64
2290 22 105 64
2291 22 149 64
2292 22 149 64
2293 22 149 64
2294 22 149 65
2295 22 149 64
2296 22 105 64
2297 22 105 63
2298 22 105 64
2299 22 105 63
2300 22 105 64
2301 23 150 63
2302 23 150 65
2303 23 150 63
2304 23 150 64
2305 23 150 63
2306 23 104 64
2307 23 104 64
2308 23 104 63
2309 23 104 63
2310 23 104 63
2311 23 150 64
2312 23 150 63
2313 23 150 64
2314 23 150 65
2315 23 150 64
2316 23 104 63
2317 23 104 63
2318 23 104 64
2319 23 104 63
2320 23 104 65
2321 23 150 65
2322 23 150 64
2323 23 150 65
2324 23 150 64
2325 23 150 64
2326 23 104 63
2327 23 104 65
2328 23 104 63
2329 23 104 63
2330 23 104 63
2331 23 150 63
2332 23 150 64
2333 23 150 64
2334 23 150 63
2335 23 150 64
2336 23 104 63
2337 23 104 63
2338 23 104 62
2339 23 104 62
2340 23 104 63
2341 23 150 62
2342 23 150 64
2343 23 150 64
2344 23 150 64
2345 23 150 67
2346 23 104 63
2347 23 104 68
2348 23 104 67
2349 23 104 71
2350 23 104 70
2351 23 150 69
2352 23 150 68
2353 23 150 64
2354 23 150 68
2355 23 150 64
2356 23 104 70
2357 23 104 68
2358 23 104 68
2359 23 104 70
2360 23 104 64
2361 23 150 64
2362 23 150 64
2363 23 150 64
2364 23 150 64
2365 23 150 64
2366 23 104 65
2367 23 104 64
2368 23 104 64
2369 23 104 64
2370 23 104 64
2371 23 150 64
2372 23 150 64
2373 23 150 64
2374 23 150 64
2375 23 150 65
2376 23 104 64
2377 23 104 64
2378 23 104 64
2379 23 104 64
2380 23 104 64
2381 23 150 64
2382 23 150 66
2383 23 150 64
2384 23 150 64
2385 23 150 64
2386 23 104 65
2387 23 104 64
2388 23 104 64
2389 23 104 64
2390 23 104 65
2391 23 150 65
2392 23 150 64
2393 23 150 64
2394 23 150 64
2395 23 150 63
2396 23 104 64
2397 23 104 64
2398 23 104 65
2399 23 104 63
2400 23 104 65
2401 24 151 64
2402 24 151 64
2403 24 151 64
2404 24 151 64
2405 24 151 64
2406 24 103 64
2407 24 103 64
2408 24 103 63
2409 24 103 64
2410 24 103 63
2411 24 151 64
2412 24 151 64
2413 24 151 64
2414 24 151 64
2415 24 151 64
2416 24 103 63
2417 24 103 63
2418 24 103 64
2419 24 103 64
2420 24 103 64
2421 24 151 64
2422 24 151 64
2423 24 151 63
2424 24 151 64
2425 24 151 63
2426 24 103 64
2427 24 103 64
2428 24 103 64
2429 24 103 64
2430 24 103 63
2431 24 151 65
2432 24 151 63
2433 24 151 64
2434 24 151 63
2435 24 151 63
2436 24 103 63
2437 24 103 63
2438 24 103 63
2439 24 103 64
2440 24 103 63
2441 24 151 63
2442 24 151 64
2443 24 151 63
2444 24 151 66
2445 24 151 63
2446 24 103 63
2447 24 103 63
2448 24 103 63
2449 24 103 63
2450 24 103 63
2451 24 151 65
2452 24 151 63
2453 24 151 66
2454 24 151 63
2455 24 151 63
2456 24 103 63
2457 24 103 63
2458 24 103 64
2459 24 103 63
2460 24 103 63
2461 24 151 63
2462 24 151 65
2463 24 151 62
2464 24 151 64
2465 24 151 62
2466 24 103 63
2467 24 103 62
2468 24 103 63
2469 24 103 65
2470 24 103 63
2471 24 151 64
2472 24 151 64
2473 24 151 64
2474 24 151 134
2475 24 151 63
2476 24 103 68
2477 24 103 67
2478 24 103 68
2479 24 103 67
2480 24 103 68
2481 24 151 68
2482 24 151 65
2483 24 151 71
2484 24 151 64
2485 24 151 68
2486 24 103 71
2487 24 103 69
2488 24 103 70
2489 24 103 68
2490 24 103 70
2491 24 151 64
2492 24 151 64
2493 24 151 65
2494 24 151 64
2495 24 151 64
2496 24 103 64
2497 24 103 64
2498 24 103 64
2499 24 103 64
2500 24 103 65
2501 25 152 64
2502 25 152 64
2503 25 152 64
2504 25 152 64
2505 25 152 64
2506 25 102 64
2507 25 102 64
2508 25 102 64
2509 25 102 64
2510 25 102 64
2511 25 152 64
2512 25 152 64
2513 25 152 66
2514 25 152 64
2515 25 152 64
2516 25 102 64
2517 25 102 64
2518 25 102 64
2519 25 102 65
2520 25 102 64
2521 25 152 64
2522 25 152 64
2523 25 152 64
2524 25 152 64
2525 25 152 64
2526 25 102 64
2527 25 102 64
2528 25 102 64
2529 25 102 64
2530 25 102 63
2531 25 152 64
2532 25 152 64
2533 25 152 64
2534 25 152 64
2535 25 152 64
2536 25 102 63
2537 25 102 65
2538 25 102 64
2539 25 102 64
2540 25 102 65
2541 25 152 65
2542 25 152 64
2543 25 152 64
2544 25 152 65
2545 25 152 63
2546 25 102 63
2547 25 102 64
2548 25 102 64
2549 25 102 64
2550 25 102 64
2551 25 152 64
2552 25 152 64
2553 25 152 64
2554 25 152 64
2555 25 152 63
2556 25 102 63
2557 25 102 64
2558 25 102 64
2559 25 102 63
2560 25 102 64
2561 25 152 65
2562 25 152 64
2563 25 152 64
2564 25 152 64
2565 25 152 64
2566 25 102 63
2567 25 102 63
2568 25 102 63
2569 25 102 64
2570 25 102 63
2571 25 152 64
2572 25 152 63
2573 25 152 64
2574 25 152 63
2575 25 152 65
2576 25 102 63
2577 25 102 63
2578 25 102 63
2579 25 102 64
2580 25 102 64
2581 25 152 65
2582 25 152 64
2583 25 152 63
2584 25 152 64
2585 25 152 63
2586 25 102 64
2587 25 102 63
2588 25 102 63
2589 25 102 63
2590 25 102 63
2591 25 152 65
2592 25 152 65
2593 25 152 64
2594 25 152 63
2595 25 152 63
2596 25 102 63
2597 25 102 63
2598 25 102 65
2599 25 102 63
2600 25 102 63
2601 26 153 62
2602 26 153 64
2603 26 153 63
2604 26 153 64
2605 26 153 63
2606 26 101 63
2607 26 101 63
2608 26 101 64
2609 26 101 63
2610 26 101 62
2611 26 153 64
2612 26 153 62
2613 26 153 66
2614 26 153 65
2615 26 153 63
2616 26 101 64
2617 26 101 63
2618 26 101 65
2619 26 101 63
2620 26 101 69
2621 26 153 67
2622 26 153 64
2623 26 153 68
2624 26 153 64
2625 26 153 68
2626 26 101 70
2627 26 101 68
2628 26 101 68
2629 26 101 68
2630 26 101 69
2631 26 153 65
2632 26 153 68
2633 26 153 64
2634 26 153 70
2635 26 153 68
2636 26 101 68
2637 26 101 68
2638 26 101 64
2639 26 101 68
2640 26 101 66
2641 26 153 64
2642 26 153 64
2643 26 153 64
2644 26 153 64
2645 26 153 64
2646 26 101 63
2647 26 101 64
2648 26 101 65
2649 26 101 64
2650 26 101 64
2651 26 153 64
2652 26 153 64
2653 26 153 64
2654 26 153 64
2655 26 153 64
2656 26 101 64
2657 26 101 64
2658 26 101 64
2659 26 101 64
2660 26 101 64
2661 26 153 64
2662 26 153 64
2663 26 153 64
2664 26 153 64
2665 26 153 64
2666 26 101 64
2667 26 101 64
2668 26 101 64
2669 26 101 64
2670 26 101 64
2671 26 153 65
2672 26 153 64
2673 26 153 64
2674 26 153 64
2675 26 153 64
2676 26 101 64
2677 26 101 64
2678 26 101 64
2679 26 101 64
2680 26 101 64
2681 26 153 64
2682 26 153 64
2683 26 153 64
2684 26 153 64
2685 26 153 64
2686 26 101 64
2687 26 101 64
2688 26 101 64
2689 26 101 64
2690 26 101 64
2691 26 153 64
2692 26 153 64
2693 26 153 66
2694 26 153 64
2695 26 153 64
2696 26 101 63
2697 26 101 64
2698 26 101 64
2699 26 101 63
2700 26 101 64
2701 27 154 64
2702 27 154 64
2703 27 154 64
2704 27 154 64
2705 27 154 64
2706 27 100 64
2707 27 100 64
2708 27 100 66
2709 27 100 64
2710 27 100 64
2711 27 154 64
2712 27 154 63
2713 27 154 64
2714 27 154 64
2715 27 154 63
2716 27 100 63
2717 27 100 64
2718 27 100 64
2719 27 100 63
2720 27 100 64
2721 27 154 64
2722 27 154 64
2723 27 154 63
2724 27 154 64
2725 27 154 64
2726 27 100 64
2727 27 100 63
2728 27 100 63
2729 27 100 64
2730 27 100 63
2731 27 154 64
2732 27 154 63
2733 27 154 64
2734 27 154 63
2735 27 154 63
2736 27 100 63
2737 27 100 64
2738 27 100 63
2739 27 100 63
2740 27 100 64
2741 27 154 63
2742 27 154 64
2743 27 154 63
2744 27 154 63
2745 27 154 63
2746 27 100 63
2747 27 100 63
2748 27 100 63
2749 27 100 63
2750 27 100 63
2751 27 154 64
2752 27 154 63
2753 27 154 64
2754 27 154 63
2755 27 154 63
2756 27 100 63
2757 27 100 63
2758 27 100 63
2759 27 100 64
2760 27 100 64
2761 27 154 63
2762 27 154 64
2763 27 154 63
2764 27 154 63
2765 27 154 63
2766 27 100 63
2767 27 100 63
2768 27 100 63
2769 27 100 63
2770 27 100 62
2771 27 154 64
2772 27 154 63
2773 27 154 65
2774 27 154 63
2775 27 154 62
2776 27 100 62
2777 27 100 63
2778 27 100 63
2779 27 100 64
2780 27 100 64
2781 27 154 65
2782 27 154 64
2783 27 154 67
2784 27 154 62
2785 27 154 68
2786 27 100 68
2787 27 100 68
2788 27 100 67
2789 27 100 68
2790 27 100 68
2791 27 154 64
2792 27 154 68
2793 27 154 64
2794 27 154 68
2795 27 154 70
2796 27 100 68
2797 27 100 70
2798 27 100 69
2799 27 100 69
2800 27 100 64
2801 28 155 69
2802 28 155 64
2803 28 155 68
2804 28 155 68
2805 28 155 64
2806 28 99 69
2807 28 99 64
2808 28 99 64
2809 28 99 64
2810 28 99 64
2811 28 155 64
2812 28 155 64
2813 28 155 64
2814 28 155 64
2815 28 155 64
2816 28 99 64
2817 28 99 64
2818 28 99 64
2819 28 99 64
2820 28 99 64
2821 28 155 64
2822 28 155 64
2823 28 155 64
2824 28 155 64
2825 28 155 64
2826 28 99 64
2827 28 99 64
2828 28 99 65
2829 28 99 64
2830 28 99 63
2831 28 155 64
2832 28 155 65
2833 28 155 64
2834 28 155 64
2835 28 155 64
2836 28 99 64
2837 28 99 64
2838 28 99 64
2839 28 99 64
2840 28 99 64
2841 28 155 64
2842 28 155 64
2843 28 155 64
2844 28 155 64
2845 28 155 63
2846 28 99 64
2847 28 99 64
2848 28 99 63
2849 28 99 64
2850 28 99 64
2851 28 155 64
2852 28 155 64
2853 28 155 64
2854 28 155 64
2855 28 155 64
2856 28 99 64
2857 28 99 64
2858 28 99 64
2859 28 99 64
2860 28 99 64
2861 28 155 64
2862 28 155 64
2863 28 155 65
2864 28 155 64
2865 28 155 64
2866 28 99 64
2867 28 99 64
2868 28 99 64
2869 28 99 64
2870 28 99 64
2871 28 155 64
2872 28 155 64
2873 28 155 65
2874 28 155 63
2875 28 155 63
2876 28 99 64
2877 28 99 64
2878 28 99 64
2879 28 99 64
2880 28 99 64
2881 28 155 65
2882 28 155 64
2883 28 155 64
2884 28 155 64
2885 28 155 63
2886 28 99 64
2887 28 99 64
2888 28 99 63
2889 28 99 64
2890 28 99 64
2891 28 155 64
2892 28 155 64
2893 28 155 64
2894 28 155 64
2895 28 155 63
2896 28 99 64
2897 28 99 63
2898 28 99 64
2899 28 99 63
2900 28 99 64
2901 29 156 63
2902 29 156 64
2903 29 156 63
2904 29 156 63
2905 29 156 64
2906 29 98 63
2907 29 98 63
2908 29 98 63
2909 29 98 64
2910 29 98 63
2911 29 156 64
2912 29 156 63
2913 29 156 64
2914 29 156 63
2915 29 156 64
2916 29 98 63
2917 29 98 63
2918 29 98 64
2919 29 98 63
2920 29 98 65
2921 29 156 63
2922 29 156 64
2923 29 156 64
2924 29 156 63
2925 29 156 63
2926 29 98 63
2927 29 98 63
2928 29 98 63
2929 29 98 64
2930 29 98 63
2931 29 156 64
2932 29 156 63
2933 29 156 66
2934 29 156 63
2935 29 156 63
2936 29 98 63
2937 29 98 63
2938 29 98 63
2939 29 98 63
2940 29 98 64
2941 29 156 63
2942 29 156 64
2943 29 156 63
2944 29 156 63
2945 29 156 63
2946 29 98 63
2947 29 98 63
2948 29 98 63
2949 29 98 63
2950 29 98 63
2951 29 156 64
2952 29 156 63
2953 29 156 64
2954 29 156 63
2955 29 156 63
2956 29 98 63
2957 29 98 63
2958 29 98 63
2959 29 98 63
2960 29 98 64
2961 29 156 62
2962 29 156 65
2963 29 156 62
2964 29 156 62
2965 29 156 63
2966 29 98 64
2967 29 98 62
2968 29 98 62
2969 29 98 63
2970 29 98 63
2971 29 156 64
2972 29 156 62
2973 29 156 64
2974 29 156 62
2975 29 156 62
2976 29 98 67
2977 29 98 62
2978 29 98 68
2979 29 98 68
2980 29 98 64
2981 29 156 70
2982 29 156 64
2983 29 156 68
2984 29 156 68
2985 29 156 68
2986 29 98 68
2987 29 98 68
2988 29 98 68
2989 29 98 69
2990 29 98 68
2991 29 156 64
2992 29 156 68
2993 29 156 64
2994 29 156 69
2995 29 156 68
2996 29 98 69
2997 29 98 68
2998 29 98 69
2999 29 98 68
3000 29 98 64
3001 30 157 64
3002 30 157 64
3003 30 157 64
3004 30 157 68
3005 30 157 64
3006 30 97 64
3007 30 97 64
3008 30 97 64
3009 30 97 64
3010 30 97 64
3011 30 157 64
3012 30 157 64
3013 30 157 64
3014 30 157 64
3015 30 157 64
3016 30 97 64
3017 30 97 63
3018 30 97 64
3019 30 97 64
3020 30 97 64
3021 30 157 64
3022 30 157 64
3023 30 157 64
3024 30 157 64
3025 30 157 64
3026 30 97 64
3027 30 97 64
3028 30 97 64
3029 30 97 64
3030 30 97 63
3031 30 157 64
3032 30 157 64
3033 30 157 64
3034 30 157 64
3035 30 157 64
3036 30 97 64
3037 30 97 64
3038 30 97 64
3039 30 97 64
3040 30 97 64
3041 30 157 64
3042 30 157 64
3043 30 157 64
3044 30 157 64
3045 30 157 64
3046 30 97 64
3047 30 97 64
3048 30 97 64
3049 30 97 64
3050 30 97 64
3051 30 157 65
3052 30 157 64
3053 30 157 64
3054 30 157 64
3055 30 157 64
3056 30 97 63
3057 30 97 64
3058 30 97 64
3059 30 97 64
3060 30 97 64
3061 30 157 64
3062 30 157 64
3063 30 157 64
3064 30 157 64
3065 30 157 64
3066 30 97 64
3067 30 97 64
3068 30 97 63
3069 30 97 64
3070 30 97 64
3071 30 157 64
3072 30 157 64
3073 30 157 63
3074 30 157 63
3075 30 157 64
3076 30 97 63
3077 30 97 63
3078 30 97 64
3079 30 97 64
3080 30 97 64
3081 30 157 64
3082 30 157 64
3083 30 157 64
3084 30 157 64
3085 30 157 64
3086 30 97 63
3087 30 97 64
3088 30 97 64
3089 30 97 64
3090 30 97 63
3091 30 157 64
3092 30 157 64
3093 30 157 64
3094 30 157 63
3095 30 157 64
3096 30 97 63
3097 30 97 64
3098 30 97 64
3099 30 97 63
3100 30 97 64
3101 29 156 63
3102 29 156 64
3103 29 156 64
3104 29 156 63
3105 29 156 64
3106 29 98 64
3107 29 98 63
3108 29 98 64
3109 29 98 64
3110 29 98 63
3111 29 156 67
3112 29 156 63
3113 29 156 63
3114 29 156 64
3115 29 156 63
3116 29 98 64
3117 29 98 64
3118 29 98 65
3119 29 98 63
3120 29 98 64
3121 29 156 63
3122 29 156 64
3123 29 156 63
3124 29 156 64
3125 29 156 63
3126 29 98 63
3127 29 98 63
3128 29 98 63
3129 29 98 64
3130 29 98 64
3131 29 156 64
3132 29 156 63
3133 29 156 63
3134 29 156 63
3135 29 156 63
3136 29 98 63
3137 29 98 63
3138 29 98 63
3139 29 98 63
3140 29 98 64
3141 29 156 63
3142 29 156 64
3143 29 156 63
3144 29 156 63
3145 29 156 63
3146 29 98 63
3147 29 98 63
3148 29 98 63
3149 29 98 64
3150 29 98 63
3151 29 156 64
3152 29 156 63
3153 29 156 63
3154 29 156 63
3155 29 156 63
3156 29 98 63
3157 29 98 63
3158 29 98 63
3159 29 98 63
3160 29 98 64
3161 29 156 63
3162 29 156 64
3163 29 156 63
3164 29 156 63
3165 29 156 63
3166 29 98 63
3167 29 98 63
3168 29 98 63
3169 29 98 64
3170 29 98 63
3171 29 156 64
3172 29 156 63
3173 29 156 63
3174 29 156 63
3175 29 156 63
3176 29 98 63
3177 29 98 63
3178 29 98 63
3179 29 98 63
3180 29 98 64
3181 29 156 63
3182 29 156 64
3183 29 156 63
3184 29 156 63
3185 29 156 63
3186 29 98 63
3187 29 98 63
3188 29 98 64
3189 29 98 64
3190 29 98 62
3191 29 156 64
3192 29 156 63
3193 29 156 63
3194 29 156 62
3195 29 156 63
3196 29 98 63
3197 29 98 62
3198 29 98 63
3199 29 98 62
3200 29 98 66
3201 28 155 62
3202 28 155 64
3203 28 155 62
3204 28 155 62
3205 28 155 62
3206 28 99 62
3207 28 99 67
3208 28 99 63
3209 28 99 64
3210 28 99 64
3211 28 155 64
3212 28 155 67
3213 28 155 63
3214 28 155 68
3215 28 155 69
3216 28 99 68
3217 28 99 68
3218 28 99 68
3219 28 99 68
3220 28 99 64
3221 28 155 68
3222 28 155 64
3223 28 155 68
3224 28 155 68
3225 28 155 70
3226 28 99 68
3227 28 99 69
3228 28 99 68
3229 28 99 64
3230 28 99 68
3231 28 155 64
3232 28 155 68
3233 28 155 68
3234 28 155 68
3235 28 155 68
3236 28 99 68
3237 28 99 68
3238 28 99 69
3239 28 99 69
3240 28 99 64
3241 28 155 68
3242 28 155 64
3243 28 155 64
3244 28 155 69
3245 28 155 64
3246 28 99 68
3247 28 99 64
3248 28 99 64
3249 28 99 64
3250 28 99 64
3251 28 155 66
3252 28 155 64
3253 28 155 64
3254 28 155 64
3255 28 155 64
3256 28 99 64
3257 28 99 64
3258 28 99 64
3259 28 99 64
3260 28 99 64
3261 28 155 64
3262 28 155 64
3263 28 155 64
3264 28 155 64
3265 28 155 64
3266 28 99 64
3267 28 99 64
3268 28 99 64
3269 28 99 64
3270 28 99 64
3271 28 155 64
3272 28 155 64
3273 28 155 64
3274 28 155 64
3275 28 155 64
3276 28 99 64
3277 28 99 64
3278 28 99 64
3279 28 99 64
3280 28 99 64
3281 28 155 64
3282 28 155 64
3283 28 155 64
3284 28 155 65
3285 28 155 66
3286 28 99 64
3287 28 99 64
3288 28 99 64
3289 28 99 65
3290 28 99 63
3291 28 155 64
3292 28 155 64
3293 28 155 63
3294 28 155 64
3295 28 155 64
3296 28 99 64
3297 28 99 64
3298 28 99 65
3299 28 99 64
3300 28 99 64
3301 27 154 64
3302 27 154 64
3303 27 154 64
3304 27 154 63
3305 27 154 64
3306 27 100 65
3307 27 100 64
3308 27 100 64
3309 27 100 64
3310 27 100 64
3311 27 154 64
3312 27 154 64
3313 27 154 63
3314 27 154 64
3315 27 154 64
3316 27 100 64
3317 27 100 64
3318 27 100 64
3319 27 100 64
3320 27 100 64
3321 27 154 64
3322 27 154 64
3323 27 154 64
3324 27 154 64
3325 27 154 63
3326 27 100 64
3327 27 100 64
3328 27 100 64
3329 27 100 64
3330 27 100 64
3331 27 154 64
3332 27 154 63
3333 27 154 63
3334 27 154 64
3335 27 154 64
3336 27 100 64
3337 27 100 63
3338 27 100 64
3339 27 100 64
3340 27 100 66
3341 27 154 64
3342 27 154 64
3343 27 154 64
3344 27 154 63
3345 27 154 64
3346 27 100 63
3347 27 100 64
3348 27 100 63
3349 27 100 64
3350 27 100 64
3351 27 154 66
3352 27 154 64
3353 27 154 64
3354 27 154 64
3355 27 154 64
3356 27 100 64
3357 27 100 63
3358 27 100 64
3359 27 100 64
3360 27 100 64
3361 27 154 64
3362 27 154 64
3363 27 154 63
3364 27 154 64
3365 27 154 64
3366 27 100 65
3367 27 100 64
3368 27 100 63
3369 27 100 64
3370 27 100 63
3371 27 154 64
3372 27 154 64
3373 27 154 63
3374 27 154 63
3375 27 154 64
3376 27 100 63
3377 27 100 64
3378 27 100 64
3379 27 100 63
3380 27 100 64
3381 27 154 64
3382 27 154 64
3383 27 154 63
3384 27 154 65
3385 27 154 63
3386 27 100 64
3387 27 100 64
3388 27 100 63
3389 27 100 64
3390 27 100 64
3391 27 154 64
3392 27 154 64
3393 27 154 63
3394 27 154 64
3395 27 154 63
3396 27 100 64
3397 27 100 63
3398 27 100 64
3399 27 100 63
3400 27 100 65
3401 26 153 63
3402 26 153 64
3403 26 153 63
3404 26 153 63
3405 26 153 63
3406 26 101 63
3407 26 101 64
3408 26 101 64
3409 26 101 64
3410 26 101 63
3411 26 153 64
3412 26 153 63
3413 26 153 63
3414 26 153 64
3415 26 153 63
3416 26 101 64
3417 26 101 63
3418 26 101 64
3419 26 101 63
3420 26 101 64
3421 26 153 64
3422 26 153 64
3423 26 153 63
3424 26 153 63
3425 26 153 64
3426 26 101 63
3427 26 101 63
3428 26 101 64
3429 26 101 65
3430 26 101 63
3431 26 153 64
3432 26 153 63
3433 26 153 64
3434 26 153 64
3435 26 153 63
3436 26 101 63
3437 26 101 63
3438 26 101 64
3439 26 101 63
3440 26 101 64
3441 26 153 63
3442 26 153 64
3443 26 153 63
3444 26 153 63
3445 26 153 63
3446 26 101 65
3447 26 101 63
3448 26 101 63
3449 26 101 64
3450 26 101 63
3451 26 153 64
3452 26 153 63
3453 26 153 63
3454 26 153 63
3455 26 153 63
3456 26 101 64
3457 26 101 63
3458 26 101 64
3459 26 101 63
3460 26 101 64
3461 26 153 63
3462 26 153 64
3463 26 153 63
3464 26 153 63
3465 26 153 63
3466 26 101 65
3467 26 101 63
3468 26 101 63
3469 26 101 64
3470 26 101 64
3471 26 153 65
3472 26 153 63
3473 26 153 63
3474 26 153 63
3475 26 153 63
3476 26 101 63
3477 26 101 63
3478 26 101 63
3479 26 101 63
3480 26 101 64
3481 26 153 63
3482 26 153 64
3483 26 153 63
3484 26 153 63
3485 26 153 63
3486 26 101 63
3487 26 101 63
3488 26 101 63
3489 26 101 64
3490 26 101 63
3491 26 153 64
3492 26 153 63
3493 26 153 63
3494 26 153 63
3495 26 153 63
3496 26 101 63
3497 26 101 63
3498 26 101 63
3499 26 101 63
3500 26 101 65
3501 25 152 63
3502 25 152 64
3503 25 152 63
3504 25 152 63
3505 25 152 63
3506 25 102 63
3507 25 102 63
3508 25 102 62
3509 25 102 64
3510 25 102 63
3511 25 152 64
3512 25 152 63
3513 25 152 62
3514 25 152 63
3515 25 152 63
3516 25 102 62
3517 25 102 62
3518 25 102 63
3519 25 102 63
3520 25 102 64
3521 25 152 63
3522 25 152 64
3523 25 152 63
3524 25 152 64
3525 25 152 62
3526 25 102 62
3527 25 102 63
3528 25 102 62
3529 25 102 64
3530 25 102 64
3531 25 152 64
3532 25 152 62
3533 25 152 62
3534 25 152 63
3535 25 152 62
3536 25 102 63
3537 25 102 62
3538 25 102 63
3539 25 102 65
3540 25 102 64
3541 25 152 63
3542 25 152 64
3543 25 152 62
3544 25 152 62
3545 25 152 67
3546 25 102 63
3547 25 102 68
3548 25 102 62
3549 25 102 64
3550 25 102 67
3551 25 152 64
3552 25 152 67
3553 25 152 65
3554 25 152 68
3555 25 152 67
3556 25 102 68
3557 25 102 68
3558 25 102 69
3559 25 102 68
3560 25 102 64
3561 25 152 68
3562 25 152 64
3563 25 152 68
3564 25 152 68
3565 25 152 68
3566 25 102 68
3567 25 102 68
3568 25 102 68
3569 25 102 64
3570 25 102 68
3571 25 152 64
3572 25 152 68
3573 25 152 68
3574 25 152 68
3575 25 152 68
3576 25 102 68
3577 25 102 68
3578 25 102 69
3579 25 102 68
3580 25 102 64
3581 25 152 70
3582 25 152 64
3583 25 152 68
3584 25 152 68
3585 25 152 69
3586 25 102 68
3587 25 102 69
3588 25 102 68
3589 25 102 64
3590 25 102 69
3591 25 152 64
3592 25 152 69
3593 25 152 68
3594 25 152 69
3595 25 152 71
3596 25 102 68
3597 25 102 68
3598 25 102 69
3599 25 102 69
3600 25 102 64
3601 24 151 69
3602 24 151 66
3603 24 151 65
3604 24 151 69
3605 24 151 64
3606 24 103 69
3607 24 103 64
3608 24 103 68
3609 24 103 64
3610 24 103 64
3611 24 151 64
3612 24 151 64
3613 24 151 68
3614 24 151 64
3615 24 151 64
3616 24 103 64
3617 24 103 64
3618 24 103 66
3619 24 103 64
3620 24 103 64
3621 24 151 64
3622 24 151 64
3623 24 151 64
3624 24 151 64
3625 24 151 64
3626 24 103 66
3627 24 103 64
3628 24 103 64
3629 24 103 64
3630 24 103 64
3631 24 151 64
3632 24 151 64
3633 24 151 64
3634 24 151 64
3635 24 151 64
3636 24 103 64
3637 24 103 64
3638 24 103 64
3639 24 103 64
3640 24 103 64
3641 24 151 64
3642 24 151 64
3643 24 151 64
3644 24 151 64
3645 24 151 64
3646 24 103 64
3647 24 103 64
3648 24 103 64
3649 24 103 64
3650 24 103 64
3651 24 151 64
3652 24 151 64
3653 24 151 66
3654 24 151 64
3655 24 151 64
3656 24 103 64
3657 24 103 64
3658 24 103 64
3659 24 103 64
3660 24 103 64
3661 24 151 64
3662 24 151 64
3663 24 151 64
3664 24 151 64
3665 24 151 64
3666 24 103 64
3667 24 103 64
3668 24 103 64
3669 24 103 64
3670 24 103 64
3671 24 151 64
3672 24 151 64
3673 24 151 64
3674 24 151 64
3675 24 151 64
3676 24 103 64
3677 24 103 64
3678 24 103 64
3679 24 103 64
3680 24 103 65
3681 24 151 64
3682 24 151 64
3683 24 151 64
3684 24 151 64
3685 24 151 64
3686 24 103 64
3687 24 103 64
3688 24 103 64
3689 24 103 64
3690 24 103 66
3691 24 151 64
3692 24 151 64
3693 24 151 64
3694 24 151 65
3695 24 151 63
3696 24 103 64
3697 24 103 64
3698 24 103 64
3699 24 103 64
3700 24 103 64
3701 23 150 64
3702 23 150 64
3703 23 150 64
3704 23 150 64
3705 23 150 64
3706 23 104 64
3707 23 104 64
3708 23 104 64
3709 23 104 64
3710 23 104 64
3711 23 150 64
3712 23 150 65
3713 23 150 64
3714 23 150 64
3715 23 150 63
3716 23 104 64
3717 23 104 64
3718 23 104 64
3719 23 104 64
3720 23 104 64
3721 23 150 64
3722 23 150 63
3723 23 150 63
3724 23 150 64
3725 23 150 64
3726 23 104 64
3727 23 104 64
3728 23 104 64
3729 23 104 64
3730 23 104 64
3731 23 150 64
3732 23 150 64
3733 23 150 64
3734 23 150 64
3735 23 150 63
3736 23 104 64
3737 23 104 63
3738 23 104 66
3739 23 104 64
3740 23 104 64
3741 23 150 64
3742 23 150 64
3743 23 150 64
3744 23 150 64
3745 23 150 64
3746 23 104 64
3747 23 104 64
3748 23 104 64
3749 23 104 64
3750 23 104 63
3751 23 150 64
3752 23 150 64
3753 23 150 64
3754 23 150 64
3755 23 150 64
3756 23 104 64
3757 23 104 64
3758 23 104 64
3759 23 104 64
3760 23 104 64
3761 23 150 63
3762 23 150 64
3763 23 150 64
3764 23 150 64
3765 23 150 63
3766 23 104 64
3767 23 104 64
3768 23 104 64
3769 23 104 64
3770 23 104 63
3771 23 150 64
3772 23 150 63
3773 23 150 63
3774 23 150 64
3775 23 150 64
3776 23 104 64
3777 23 104 64
3778 23 104 64
3779 23 104 64
3780 23 104 64
3781 23 150 63
3782 23 150 64
3783 23 150 64
3784 23 150 64
3785 23 150 64
3786 23 104 64
3787 23 104 64
3788 23 104 63
3789 23 104 64
3790 23 104 64
3791 23 150 64
3792 23 150 64
3793 23 150 64
3794 23 150 64
3795 23 150 64
3796 23 104 64
3797 23 104 65
3798 23 104 64
3799 23 104 63
3800 23 104 64
3801 22 149 63
3802 22 149 64
3803 22 149 63
3804 22 149 64
3805 22 149 64
3806 22 105 64
3807 22 105 64
3808 22 105 64
3809 22 105 64
3810 22 105 64
3811 22 149 64
3812 22 149 64
3813 22 149 63
3814 22 149 64
3815 22 149 64
3816 22 105 64
3817 22 105 64
3818 22 105 64
3819 22 105 64
3820 22 105 64
3821 22 149 64
3822 22 149 64
3823 22 149 64
3824 22 149 64
3825 22 149 64
3826 22 105 63
3827 22 105 64
3828 22 105 63
3829 22 105 64
3830 22 105 64
3831 22 149 64
3832 22 149 64
3833 22 149 64
3834 22 149 64
3835 22 149 64
3836 22 105 64
3837 22 105 64
3838 22 105 66
3839 22 105 64
3840 22 105 64
3841 22 149 64
3842 22 149 63
3843 22 149 64
3844 22 149 64
3845 22 149 64
3846 22 105 63
3847 22 105 64
3848 22 105 64
3849 22 105 64
3850 22 105 63
3851 22 149 64
3852 22 149 63
3853 22 149 64
3854 22 149 64
3855 22 149 63
3856 22 105 64
3857 22 105 63
3858 22 105 65
3859 22 105 64
3860 22 105 64
3861 22 149 63
3862 22 149 63
3863 22 149 64
3864 22 149 64
3865 22 149 63
3866 22 105 63
3867 22 105 64
3868 22 105 65
3869 22 105 64
3870 22 105 63
3871 22 149 64
3872 22 149 64
3873 22 149 63
3874 22 149 64
3875 22 149 63
3876 22 105 64
3877 22 105 63
3878 22 105 64
3879 22 105 63
3880 22 105 65
3881 22 149 63
3882 22 149 63
3883 22 149 63
3884 22 149 63
3885 22 149 64
3886 22 105 64
3887 22 105 64
3888 22 105 63
3889 22 105 64
3890 22 105 63
3891 22 149 64
3892 22 149 64
3893 22 149 64
3894 22 149 63
3895 22 149 64
3896 22 105 64
3897 22 105 64
3898 22 105 65
3899 22 105 63
3900 22 105 64
3901 21 148 64
3902 21 148 64
3903 21 148 64
3904 21 148 63
3905 21 148 64
3906 21 106 63
3907 21 106 64
3908 21 106 63
3909 21 106 64
3910 21 106 64
3911 21 148 64
3912 21 148 64
3913 21 148 64
3914 21 148 64
3915 21 148 63
3916 21 106 63
3917 21 106 63
3918 21 106 64
3919 21 106 63
3920 21 106 64
3921 21 148 63
3922 21 148 63
3923 21 148 63
3924 21 148 63
3925 21 148 64
3926 21 106 64
3927 21 106 64
3928 21 106 64
3929 21 106 64
3930 21 106 64
3931 21 148 64
3932 21 148 63
3933 21 148 64
3934 21 148 63
3935 21 148 64
3936 21 106 64
3937 21 106 64
3938 21 106 64
3939 21 106 64
3940 21 106 64
3941 21 148 63
3942 21 148 63
3943 21 148 63
3944 21 148 64
3945 21 148 64
3946 21 106 64
3947 21 106 64
3948 21 106 63
3949 21 106 65
3950 21 106 65
3951 21 148 64
3952 21 148 63
3953 21 148 64
3954 21 148 64
3955 21 148 64
3956 21 106 63
3957 21 106 63
3958 21 106 65
3959 21 106 63
3960 21 106 64
3961 21 148 64
3962 21 148 64
3963 21 148 64
3964 21 148 63
3965 21 148 63
3966 21 106 63
3967 21 106 64
3968 21 106 64
3969 21 106 64
3970 21 106 63
3971 21 148 64
3972 21 148 64
3973 21 148 65
3974 21 148 64
3975 21 148 63
3976 21 106 63
3977 21 106 64
3978 21 106 64
3979 21 106 63
3980 21 106 64
3981 21 148 63
3982 21 148 65
3983 21 148 64
3984 21 148 63
3985 21 148 64
3986 21 106 64
3987 21 106 63
3988 21 106 64
3989 21 106 64
3990 21 106 64
3991 21 148 64
3992 21 148 64
3993 21 148 64
3994 21 148 63
3995 21 148 63
3996 21 106 64
3997 21 106 63
3998 21 106 64
3999 21 106 63
4000 21 106 64
4001 20 147 63
4002 20 147 63
4003 20 147 63
4004 20 147 63
4005 20 147 64
4006 20 107 63
4007 20 107 63
4008 20 107 63
4009 20 107 64
4010 20 107 63
4011 20 147 64
4012 20 147 64
4013 20 147 63
4014 20 147 63
4015 20 147 63
4016 20 107 64
4017 20 107 65
4018 20 107 64
4019 20 107 63
4020 20 107 64
4021 20 147 65
4022 20 147 64
4023 20 147 64
4024 20 147 63
4025 20 147 63
4026 20 107 64
4027 20 107 64
4028 20 107 63
4029 20 107 64
4030 20 107 64
4031 20 147 64
4032 20 147 63
4033 20 147 64
4034 20 147 64
4035 20 147 64
4036 20 107 65
4037 20 107 63
4038 20 107 64
4039 20 107 63
4040 20 107 64
4041 20 147 63
4042 20 147 63
4043 20 147 63
4044 20 147 63
4045 20 147 64
4046 20 107 63
4047 20 107 64
4048 20 107 63
4049 20 107 64
4050 20 107 65
4051 20 147 64
4052 20 147 63
4053 20 147 63
4054 20 147 63
4055 20 147 63
4056 20 107 64
4057 20 107 64
4058 20 107 64
4059 20 107 65
4060 20 107 64
4061 20 147 63
4062 20 147 63
4063 20 147 63
4064 20 147 64
4065 20 147 66
4066 20 107 64
4067 20 107 64
4068 20 107 63
4069 20 107 64
4070 20 107 63
4071 20 147 64
4072 20 147 64
4073 20 147 64
4074 20 147 64
4075 20 147 63
4076 20 107 64
4077 20 107 63
4078 20 107 64
4079 20 107 63
4080 20 107 64
4081 20 147 64
4082 20 147 63
4083 20 147 63
4084 20 147 66
4085 20 147 63
4086 20 107 65
4087 20 107 63
4088 20 107 64
4089 20 107 64
4090 20 107 63
4091 20 147 64
4092 20 147 63
4093 20 147 63
4094 20 147 64
4095 20 147 63
4096 20 107 63
4097 20 107 63
4098 20 107 64
4099 20 107 63
4100 20 107 65
4101 19 146 63
4102 19 146 63
4103 19 146 63
4104 19 146 64
4105 19 146 64
4106 19 108 63
4107 19 108 64
4108 19 108 63
4109 19 108 64
4110 19 108 63
4111 19 146 64
4112 19 146 64
4113 19 146 63
4114 19 146 63
4115 19 146 64
4116 19 108 64
4117 19 108 63
4118 19 108 64
4119 19 108 63
4120 19 108 64
4121 19 146 63
4122 19 146 64
4123 19 146 64
4124 19 146 64
4125 19 146 63
4126 19 108 63
4127 19 108 65
4128 19 108 64
4129 19 108 64
4130 19 108 63
4131 19 146 64
4132 19 146 63
4133 19 146 63
4134 19 146 64
4135 19 146 63
4136 19 108 64
4137 19 108 63
4138 19 108 65
4139 19 108 64
4140 19 108 66
4141 19 146 63
4142 19 146 64
4143 19 146 63
4144 19 146 64
4145 19 146 64
4146 19 108 64
4147 19 108 64
4148 19 108 65
4149 19 108 64
4150 19 108 63
4151 19 146 64
4152 19 146 63
4153 19 146 63
4154 19 146 64
4155 19 146 63
4156 19 108 63
4157 19 108 64
4158 19 108 64
4159 19 108 63
4160 19 108 64
4161 19 146 66
4162 19 146 63
4163 19 146 63
4164 19 146 63
4165 19 146 64
4166 19 108 63
4167 19 108 64
4168 19 108 63
4169 19 108 64
4170 19 108 64
4171 19 146 64
4172 19 146 63
4173 19 146 63
4174 19 146 63
4175 19 146 63
4176 19 108 64
4177 19 108 63
4178 19 108 64
4179 19 108 64
4180 19 108 64
4181 19 146 64
4182 19 146 63
4183 19 146 63
4184 19 146 63
4185 19 146 64
4186 19 108 63
4187 19 108 64
4188 19 108 64
4189 19 108 64
4190 19 108 63
4191 19 146 64
4192 19 146 64
4193 19 146 63
4194 19 146 64
4195 19 146 64
4196 19 108 64
4197 19 108 64
4198 19 108 64
4199 19 108 63
4200 19 108 64
4201 18 145 63
4202 18 145 63
4203 18 145 63
4204 18 145 63
4205 18 145 63
4206 18 109 64
4207 18 109 64
4208 18 109 63
4209 18 109 64
4210 18 109 63
4211 18 145 64
4212 18 145 64
4213 18 145 63
4214 18 145 63
4215 18 145 64
4216 18 109 65
4217 18 109 63
4218 18 109 64
4219 18 109 63
4220 18 109 64
4221 18 145 64
4222 18 145 64
4223 18 145 63
4224 18 145 63
4225 18 145 63
4226 18 109 63
4227 18 109 65
4228 18 109 63
4229 18 109 64
4230 18 109 64
4231 18 145 64
4232 18 145 63
4233 18 145 63
4234 18 145 63
4235 18 145 63
4236 18 109 64
4237 18 109 64
4238 18 109 64
4239 18 109 64
4240 18 109 64
4241 18 145 64
4242 18 145 64
4243 18 145 63
4244 18 145 63
4245 18 145 64
4246 18 109 63
4247 18 109 64
4248 18 109 63
4249 18 109 65
4250 18 109 63
4251 18 145 64
4252 18 145 64
4253 18 145 64
4254 18 145 64
4255 18 145 63
4256 18 109 64
4257 18 109 63
4258 18 109 64
4259 18 109 63
4260 18 109 64
4261 18 145 63
4262 18 145 63
4263 18 145 65
4264 18 145 64
4265 18 145 64
4266 18 109 64
4267 18 109 64
4268 18 109 63
4269 18 109 64
4270 18 109 63
4271 18 145 66
4272 18 145 63
4273 18 145 64
4274 18 145 64
4275 18 145 64
4276 18 109 63
4277 18 109 64
4278 18 109 64
4279 18 109 63
4280 18 109 64
4281 18 145 64
4282 18 145 64
4283 18 145 64
4284 18 145 64
4285 18 145 63
4286 18 109 64
4287 18 109 64
4288 18 109 65
4289 18 109 64
4290 18 109 64
4291 18 145 64
4292 18 145 63
4293 18 145 63
4294 18 145 64
4295 18 145 64
4296 18 109 64
4297 18 109 64
4298 18 109 64
4299 18 109 64
4300 18 109 64
4301 17 144 63
4302 17 144 64
4303 17 144 63
4304 17 144 63
4305 17 144 64
4306 17 110 63
4307 17 110 64
4308 17 110 63
4309 17 110 64
4310 17 110 64
4311 17 144 64
4312 17 144 63
4313 17 144 63
4314 17 144 64
4315 17 144 64
4316 17 110 66
4317 17 110 63
4318 17 110 64
4319 17 110 64
4320 17 110 65
4321 17 144 64
4322 17 144 64
4323 17 144 63
4324 17 144 64
4325 17 144 64
4326 17 110 63
4327 17 110 64
4328 17 110 66
4329 17 110 64
4330 17 110 64
4331 17 144 64
4332 17 144 64
4333 17 144 65
4334 17 144 64
4335 17 144 64
4336 17 110 64
4337 17 110 63
4338 17 110 65
4339 17 110 64
4340 17 110 66
4341 17 144 63
4342 17 144 64
4343 17 144 66
4344 17 144 64
4345 17 144 65
4346 17 110 63
4347 17 110 64
4348 17 110 64
4349 17 110 64
4350 17 110 64
4351 17 144 66
4352 17 144 63
4353 17 144 63
4354 17 144 65
4355 17 144 64
4356 17 110 64
4357 17 110 63
4358 17 110 64
4359 17 110 64
4360 17 110 64
4361 17 144 64
4362 17 144 64
4363 17 144 63
4364 17 144 64
4365 17 144 64
4366 17 110 64
4367 17 110 64
4368 17 110 64
4369 17 110 64
4370 17 110 65
4371 17 144 64
4372 17 144 63
4373 17 144 64
4374 17 144 63
4375 17 144 64
4376 17 110 64
4377 17 110 64
4378 17 110 64
4379 17 110 64
4380 17 110 64
4381 17 144 64
4382 17 144 64
4383 17 144 65
4384 17 144 66
4385 17 144 64
4386 17 110 64
4387 17 110 64
4388 17 110 64
4389 17 110 64
4390 17 110 64
4391 17 144 64
4392 17 144 64
4393 17 144 63
4394 17 144 63
4395 17 144 65
4396 17 110 64
4397 17 110 64
4398 17 110 64
4399 17 110 64
4400 17 110 64
4401 16 143 64
4402 16 143 63
4403 16 143 64
4404 16 143 63
4405 16 143 63
4406 16 111 66
4407 16 111 65
4408 16 111 63
4409 16 111 64
4410 16 111 64
4411 16 143 64
4412 16 143 64
4413 16 143 64
4414 16 143 64
4415 16 143 64
4416 16 111 64
4417 16 111 64
4418 16 111 64
4419 16 111 64
4420 16 111 64
4421 16 143 64
4422 16 143 64
4423 16 143 63
4424 16 143 65
4425 16 143 64
4426 16 111 63
4427 16 111 64
4428 16 111 64
4429 16 111 64
4430 16 111 64
4431 16 143 64
4432 16 143 64
4433 16 143 63
4434 16 143 64
4435 16 143 64
4436 16 111 64
4437 16 111 64
4438 16 111 64
4439 16 111 64
4440 16 111 64
4441 16 143 64
4442 16 143 63
4443 16 143 63
4444 16 143 64
4445 16 143 64
4446 16 111 64
4447 16 111 64
4448 16 111 64
4449 16 111 64
4450 16 111 63
4451 16 143 64
4452 16 143 64
4453 16 143 64
4454 16 143 64
4455 16 143 65
4456 16 111 64
4457 16 111 64
4458 16 111 64
4459 16 111 64
4460 16 111 64
4461 16 143 63
4462 16 143 64
4463 16 143 63
4464 16 143 64
4465 16 143 64
4466 16 111 63
4467 16 111 64
4468 16 111 64
4469 16 111 64
4470 16 111 64
4471 16 143 64
4472 16 143 63
4473 16 143 64
4474 16 143 64
4475 16 143 64
4476 16 111 64
4477 16 111 64
4478 16 111 65
4479 16 111 64
4480 16 111 64
4481 16 143 65
4482 16 143 64
4483 16 143 65
4484 16 143 64
4485 16 143 63
4486 16 111 64
4487 16 111 66
4488 16 111 64
4489 16 111 65
4490 16 111 64
4491 16 143 64
4492 16 143 64
4493 16 143 64
4494 16 143 64
4495 16 143 63
4496 16 111 64
4497 16 111 64
4498 16 111 65
4499 16 111 64
4500 16 111 64
4501 15 142 64
4502 15 142 64
4503 15 142 64
4504 15 142 64
4505 15 142 63
4506 15 112 64
4507 15 112 64
4508 15 112 64
4509 15 112 64
4510 15 112 64
4511 15 142 64
4512 15 142 64
4513 15 142 64
4514 15 142 64
4515 15 142 64
4516 15 112 64
4517 15 112 64
4518 15 112 64
4519 15 112 63
4520 15 112 64
4521 15 142 64
4522 15 142 64
4523 15 142 64
4524 15 142 64
4525 15 142 64
4526 15 112 64
4527 15 112 64
4528 15 112 64
4529 15 112 64
4530 15 112 64
4531 15 142 64
4532 15 142 64
4533 15 142 64
4534 15 142 64
4535 15 142 64
4536 15 112 64
4537 15 112 64
4538 15 112 64
4539 15 112 64
4540 15 112 64
4541 15 142 64
4542 15 142 63
4543 15 142 64
4544 15 142 64
4545 15 142 64
4546 15 112 64
4547 15 112 66
4548 15 112 64
4549 15 112 65
4550 15 112 64
4551 15 142 64
4552 15 142 65
4553 15 142 64
4554 15 142 64
4555 15 142 64
4556 15 112 64
4557 15 112 64
4558 15 112 64
4559 15 112 65
4560 15 112 64
4561 15 142 63
4562 15 142 64
4563 15 142 64
4564 15 142 64
4565 15 142 64
4566 15 112 64
4567 15 112 64
4568 15 112 64
4569 15 112 64
4570 15 112 64
4571 15 142 64
4572 15 142 64
4573 15 142 66
4574 15 142 64
4575 15 142 64
4576 15 112 64
4577 15 112 64
4578 15 112 64
4579 15 112 64
4580 15 112 66
4581 15 142 64
4582 15 142 64
4583 15 142 64
4584 15 142 64
4585 15 142 64
4586 15 112 64
4587 15 112 65
4588 15 112 64
4589 15 112 64
4590 15 112 64
4591 15 142 65
4592 15 142 64
4593 15 142 64
4594 15 142 64
4595 15 142 64
4596 15 112 64
4597 15 112 64
4598 15 112 64
4599 15 112 64
4600 15 112 64
4601 14 141 64
4602 14 141 64
4603 14 141 64
4604 14 141 64
4605 14 141 64
4606 14 113 64
4607 14 113 64
4608 14 113 64
4609 14 113 65
4610 14 113 64
4611 14 141 66
4612 14 141 64
4613 14 141 64
4614 14 141 64
4615 14 141 64
4616 14 113 64
4617 14 113 66
4618 14 113 64
4619 14 113 66
4620 14 113 64
4621 14 141 64
4622 14 141 64
4623 14 141 64
4624 14 141 64
4625 14 141 64
4626 14 113 64
4627 14 113 64
4628 14 113 64
4629 14 113 64
4630 14 113 64
4631 14 141 64
4632 14 141 65
4633 14 141 64
4634 14 141 64
4635 14 141 64
4636 14 113 64
4637 14 113 64
4638 14 113 65
4639 14 113 64
4640 14 113 64
4641 14 141 64
4642 14 141 64
4643 14 141 64
4644 14 141 69
4645 14 141 64
4646 14 113 69
4647 14 113 64
4648 14 113 69
4649 14 113 64
4650 14 113 68
4651 14 141 64
4652 14 141 64
4653 14 141 71
4654 14 141 88
4655 14 141 71
4656 14 113 68
4657 14 113 70
4658 14 113 69
4659 14 113 69
4660 14 113 64
4661 14 141 70
4662 14 141 64
4663 14 141 68
4664 14 141 68
4665 14 141 68
4666 14 113 70
4667 14 113 68
4668 14 113 68
4669 14 113 64
4670 14 113 68
4671 14 141 64
4672 14 141 69
4673 14 141 68
4674 14 141 69
4675 14 141 68
4676 14 113 69
4677 14 113 68
4678 14 113 69
4679 14 113 68
4680 14 113 65
4681 14 141 69
4682 14 141 64
4683 14 141 68
4684 14 141 70
4685 14 141 68
4686 14 113 68
4687 14 113 69
4688 14 113 68
4689 14 113 64
4690 14 113 68
4691 14 141 64
4692 14 141 70
4693 14 141 68
4694 14 141 70
4695 14 141 68
4696 14 113 70
4697 14 113 68
4698 14 113 68
4699 14 113 68
4700 14 113 64
4701 13 140 70
4702 13 140 64
4703 13 140 70
4704 13 140 68
4705 13 140 68
4706 13 114 67
4707 13 114 68
4708 13 114 67
4709 13 114 64
4710 13 114 67
4711 13 140 66
4712 13 140 68
4713 13 140 64
4714 13 140 67
4715 13 140 62
4716 13 114 67
4717 13 114 63
4718 13 114 123
4719 13 114 62
4720 13 114 64
4721 13 140 63
4722 13 140 64
4723 13 140 63
4724 13 140 62
4725 13 140 63
4726 13 114 62
4727 13 114 63
4728 13 114 63
4729 13 114 64
4730 13 114 62
4731 13 140 64
4732 13 140 63
4733 13 140 63
4734 13 140 62
4735 13 140 62
4736 13 114 62
4737 13 114 63
4738 13 114 63
4739 13 114 62
4740 13 114 64
4741 13 140 62
4742 13 140 64
4743 13 140 63
4744 13 140 63
4745 13 140 62
4746 13 114 63
4747 13 114 63
4748 13 114 65
4749 13 114 66
4750 13 114 62
4751 13 140 64
4752 13 140 62
4753 13 140 63
4754 13 140 63
4755 13 140 63
4756 13 114 62
4757 13 114 63
4758 13 114 63
4759 13 114 62
4760 13 114 64
4761 13 140 63
4762 13 140 64
4763 13 140 63
4764 13 140 63
4765 13 140 62
4766 13 114 63
4767 13 114 63
4768 13 114 63
4769 13 114 64
4770 13 114 63
4771 13 140 64
4772 13 140 63
4773 13 140 63
4774 13 140 63
4775 13 140 63
4776 13 114 63
4777 13 114 63
4778 13 114 63
4779 13 114 63
4780 13 114 64
4781 13 140 63
4782 13 140 64
4783 13 140 63
4784 13 140 63
4785 13 140 63
4786 13 114 63
4787 13 114 63
4788 13 114 63
4789 13 114 64
4790 13 114 63
4791 13 140 66
4792 13 140 63
4793 13 140 63
4794 13 140 63
4795 13 140 65
4796 13 114 63
4797 13 114 63
4798 13 114 63
4799 13 114 63
4800 13 114 64
4801 12 139 63
4802 12 139 64
4803 12 139 63
4804 12 139 63
4805 12 139 63
4806 12 115 63
4807 12 115 64
4808 12 115 63
4809 12 115 64
4810 12 115 63
4811 12 139 64
4812 12 139 63
4813 12 139 63
4814 12 139 63
4815 12 139 63
4816 12 115 63
4817 12 115 63
4818 12 115 64
4819 12 115 63
4820 12 115 64
4821 12 139 63
4822 12 139 64
4823 12 139 63
4824 12 139 63
4825 12 139 65
4826 12 115 63
4827 12 115 63
4828 12 115 63
4829 12 115 64
4830 12 115 63
4831 12 139 64
4832 12 139 63
4833 12 139 63
4834 12 139 63
4835 12 139 63
4836 12 115 63
4837 12 115 63
4838 12 115 64
4839 12 115 63
4840 12 115 64
4841 12 139 63
4842 12 139 64
4843 12 139 64
4844 12 139 64
4845 12 139 64
4846 12 115 64
4847 12 115 66
4848 12 115 63
4849 12 115 64
4850 12 115 63
4851 12 139 64
4852 12 139 64
4853 12 139 63
4854 12 139 63
4855 12 139 63
4856 12 115 63
4857 12 115 63
4858 12 115 64
4859 12 115 63
4860 12 115 64
4861 12 139 63
4862 12 139 64
4863 12 139 63
4864 12 139 64
4865 12 139 64
4866 12 115 63
4867 12 115 64
4868 12 115 63
4869 12 115 64
4870 12 115 63
4871 12 139 64
4872 12 139 63
4873 12 139 63
4874 12 139 66
4875 12 139 64
4876 12 115 63
4877 12 115 63
4878 12 115 64
4879 12 115 65
4880 12 115 64
4881 12 139 64
4882 12 139 64
4883 12 139 64
4884 12 139 63
4885 12 139 64
4886 12 115 63
4887 12 115 63
4888 12 115 63
4889 12 115 64
4890 12 115 63
4891 12 139 64
4892 12 139 64
4893 12 139 64
4894 12 139 63
4895 12 139 64
4896 12 115 63
4897 12 115 63
4898 12 115 64
4899 12 115 64
4900 12 115 64
4901 11 138 64
4902 11 138 64
4903 11 138 63
4904 11 138 63
4905 11 138 64
4906 11 116 64
4907 11 116 64
4908 11 116 64
4909 11 116 64
4910 11 116 64
4911 11 138 64
4912 11 138 64
4913 11 138 63
4914 11 138 64
4915 11 138 63
4916 11 116 63
4917 11 116 63
4918 11 116 64
4919 11 116 64
4920 11 116 65
4921 11 138 63
4922 11 138 64
4923 11 138 64
4924 11 138 63
4925 11 138 66
4926 11 116 63
4927 11 116 64
4928 11 116 64
4929 11 116 64
4930 11 116 64
4931 11 138 64
4932 11 138 64
4933 11 138 64
4934 11 138 64
4935 11 138 63
4936 11 116 64
4937 11 116 63
4938 11 116 64
4939 11 116 63
4940 11 116 64
4941 11 138 64
4942 11 138 64
4943 11 138 64
4944 11 138 64
4945 11 138 64
4946 11 116 64
4947 11 116 64
4948 11 116 63
4949 11 116 64
4950 11 116 64
4951 11 138 64
4952 11 138 63
4953 11 138 63
4954 11 138 64
4955 11 138 64
4956 11 116 64
4957 11 116 64
4958 11 116 64
4959 11 116 64
4960 11 116 64
4961 11 138 63
4962 11 138 64
4963 11 138 64
4964 11 138 66
4965 11 138 65
4966 11 116 64
4967 11 116 64
4968 11 116 64
4969 11 116 66
4970 11 116 66
4971 11 138 64
4972 11 138 64
4973 11 138 63
4974 11 138 64
4975 11 138 65
4976 11 116 64
4977 11 116 64
4978 11 116 64
4979 11 116 64
4980 11 116 64
4981 11 138 64
4982 11 138 64
4983 11 138 64
4984 11 138 64
4985 11 138 64
4986 11 116 66
4987 11 116 64
4988 11 116 64
4989 11 116 65
4990 11 116 64
4991 11 138 64
4992 11 138 64
4993 11 138 64
4994 11 138 64
4995 11 138 64
4996 11 116 64
4997 11 116 64
4998 11 116 64
4999 11 116 64
5000 11 116 64
5001 10 137 63
5002 10 137 64
5003 10 137 64
5004 10 137 64
5005 10 137 64
5006 10 117 64
5007 10 117 64
5008 10 117 64
5009 10 117 65
5010 10 117 64
5011 10 137 64
5012 10 137 64
5013 10 137 64
5014 10 137 64
5015 10 137 63
5016 10 117 64
5017 10 117 64
5018 10 117 64
5019 10 117 64
5020 10 117 64
5021 10 137 64
5022 10 137 64
5023 10 137 64
5024 10 137 64
5025 10 137 64
5026 10 117 64
5027 10 117 64
5028 10 117 64
5029 10 117 64
5030 10 117 64
5031 10 137 64
5032 10 137 64
5033 10 137 65
5034 10 137 64
5035 10 137 64
5036 10 117 64
5037 10 117 64
5038 10 117 64
5039 10 117 64
5040 10 117 64
5041 10 137 64
5042 10 137 64
5043 10 137 64
5044 10 137 69
5045 10 137 64
5046 10 117 69
5047 10 117 64
5048 10 117 70
5049 10 117 64
5050 10 117 68
5051 10 137 64
5052 10 137 68
5053 10 137 70
5054 10 137 68
5055 10 137 70
5056 10 117 69
5057 10 117 69
5058 10 117 71
5059 10 117 68
5060 10 117 64
5061 10 137 69
5062 10 137 64
5063 10 137 71
5064 10 137 68
5065 10 137 69
5066 10 117 68
5067 10 117 68
5068 10 117 68
5069 10 117 64
5070 10 117 68
5071 10 137 64
5072 10 137 70
5073 10 137 68
5074 10 137 70
5075 10 137 68
5076 10 117 68
5077 10 117 67
5078 10 117 68
5079 10 117 68
5080 10 117 65
5081 10 137 70
5082 10 137 66
5083 10 137 67
5084 10 137 63
5085 10 137 68
5086 10 117 62
5087 10 117 68
5088 10 117 63
5089 10 117 65
5090 10 117 63
5091 10 137 64
5092 10 137 63
5093 10 137 63
5094 10 137 62
5095 10 137 62
5096 10 117 63
5097 10 117 62
5098 10 117 63
5099 10 117 63
5100 10 117 64
5101 9 136 63
5102 9 136 64
5103 9 136 63
5104 9 136 63
5105 9 136 62
5106 9 118 63
5107 9 118 62
5108 9 118 63
5109 9 118 65
5110 9 118 62
5111 9 136 64
5112 9 136 62
5113 9 136 63
5114 9 136 63
5115 9 136 63
5116 9 118 63
5117 9 118 62
5118 9 118 63
5119 9 118 63
5120 9 118 64
5121 9 136 62
5122 9 136 64
5123 9 136 63
5124 9 136 63
5125 9 136 63
5126 9 118 63
5127 9 118 63
5128 9 118 63
5129 9 118 64
5130 9 118 64
5131 9 136 64
5132 9 136 63
5133 9 136 63
5134 9 136 63
5135 9 136 63
5136 9 118 63
5137 9 118 63
5138 9 118 63
5139 9 118 63
5140 9 118 64
5141 9 136 65
5142 9 136 64
5143 9 136 63
5144 9 136 63
5145 9 136 63
5146 9 118 63
5147 9 118 63
5148 9 118 63
5149 9 118 64
5150 9 118 63
5151 9 136 64
5152 9 136 63
5153 9 136 63
5154 9 136 63
5155 9 136 63
5156 9 118 63
5157 9 118 63
5158 9 118 63
5159 9 118 63
5160 9 118 64
5161 9 136 65
5162 9 136 64
5163 9 136 63
5164 9 136 63
5165 9 136 63
5166 9 118 63
5167 9 118 63
5168 9 118 63
5169 9 118 64
5170 9 118 64
5171 9 136 64
5172 9 136 63
5173 9 136 63
5174 9 136 63
5175 9 136 63
5176 9 118 64
5177 9 118 63
5178 9 118 64
5179 9 118 63
5180 9 118 64
